1	1	1980	1	6.2611	0
2	1	1980	1	8.33885	0
3	1	1980	1	8.9806	0.01
4	1	1980	1	4.6028	0
5	1	1980	1	6.5111	0
6	1	1980	1	9.49725	0
7	1	1980	1	7.1611	0
8	1	1980	1	7.76115	0
9	1	1980	1	6.95835	0
10	1	1980	1	9.17225	0.92
11	1	1980	1	12.80835	0
12	1	1980	1	10.2944	0.2
13	1	1980	1	10.85	0
14	1	1980	1	13.75835	0
15	1	1980	1	15.0667	0
16	1	1980	1	17.44165	0.33
17	1	1980	1	14.9528	8.12
18	1	1980	1	11.25555	0
19	1	1980	1	12.1389	0.98
20	1	1980	1	12.75835	6.42
21	1	1980	1	7.55275	3.54
22	1	1980	1	6.25	4.78
23	1	1980	1	5.4778	0
24	1	1980	1	7.13335	0.01
25	1	1980	1	9.8083	0.26
26	1	1980	1	10.7528	0
27	1	1980	1	5.6	0.03
28	1	1980	1	3.73055	0.51
29	1	1980	1	2.9611	1.76
30	1	1980	1	7.3389	0.18
31	1	1980	1	3.4722	0.1
1	2	1980	2	0.73055	0.73
2	2	1980	2	3.85835	1.43
3	2	1980	2	7.8972	0
4	2	1980	2	7.19445	0
5	2	1980	2	9.6611	0
6	2	1980	2	7.91945	0.1
7	2	1980	2	8.9167	2.83
8	2	1980	2	11.2028	3.89
9	2	1980	2	1.4861	1.61
10	2	1980	2	0.58335	0.03
11	2	1980	2	3.66115	0
12	2	1980	2	5.9639	0
13	2	1980	2	9.4222	0.01
14	2	1980	2	12.5083	0.44
15	2	1980	2	17.76945	5.37
16	2	1980	2	5.7889	7.56
17	2	1980	2	-0.55555	1.81
18	2	1980	2	5.3611	0.3
19	2	1980	2	13.25	0.03
20	2	1980	2	17.1139	0.06
21	2	1980	2	17.68335	0
22	2	1980	2	16.00555	0.04
23	2	1980	2	15.4972	0
24	2	1980	2	14.70555	0
25	2	1980	2	10.78615	0
26	2	1980	2	8.66945	0
27	2	1980	2	10.83335	0
28	2	1980	2	13.55	0
29	2	1980	2	17.38615	0
1	3	1980	3	4.1389	0
2	3	1980	3	-1.85	0
3	3	1980	3	4.1333	0.05
4	3	1980	3	12.1778	0
5	3	1980	3	12.3222	0
6	3	1980	3	10.84445	0
7	3	1980	3	14.60555	0
8	3	1980	3	18.47225	0
9	3	1980	3	15.9389	0
10	3	1980	3	18.47225	0
11	3	1980	3	16.7	0.06
12	3	1980	3	18.7194	2.84
13	3	1980	3	16.29445	0.19
14	3	1980	3	12.9111	0.28
15	3	1980	3	16.46665	0.03
16	3	1980	3	17.9083	0.53
17	3	1980	3	13.66665	0.01
18	3	1980	3	6.375	0
19	3	1980	3	10.51385	0
20	3	1980	3	17.33055	0
21	3	1980	3	12.4583	0
22	3	1980	3	14.2361	0
23	3	1980	3	17.09445	0.6
24	3	1980	3	14.48335	0.38
25	3	1980	3	13.10275	6.99
26	3	1980	3	12.56665	4.92
27	3	1980	3	13.84445	36.36
28	3	1980	3	15.5	0.33
29	3	1980	3	15.8833	2.21
30	3	1980	3	13.6167	0
31	3	1980	3	14.47225	0.01
1	4	1980	4	16.4611	1.18
2	4	1980	4	19.14165	0.1
3	4	1980	4	19.74165	0.08
4	4	1980	4	17.13335	0.26
5	4	1980	4	16.84445	0.01
6	4	1980	4	19.3889	0.02
7	4	1980	4	22.44445	0.07
8	4	1980	4	18.2833	0.23
9	4	1980	4	13.84445	0
10	4	1980	4	15.83335	0
11	4	1980	4	20.23055	2.33
12	4	1980	4	13.21665	8.62
13	4	1980	4	6.7972	4.46
14	4	1980	4	9.1722	0
15	4	1980	4	14.19445	0.02
16	4	1980	4	16.91945	0
17	4	1980	4	18.47225	0
18	4	1980	4	15.975	0
19	4	1980	4	15.71945	0
20	4	1980	4	17.2583	0
21	4	1980	4	17.02775	0
22	4	1980	4	18.24165	0
23	4	1980	4	21.1083	1.88
24	4	1980	4	22.50555	5.01
25	4	1980	4	19.98055	17.12
26	4	1980	4	16.68335	0
27	4	1980	4	14.95555	0
28	4	1980	4	16.65	0
29	4	1980	4	18.94725	0
30	4	1980	4	21.03615	4.54
1	5	1980	5	20.95	1.03
2	5	1980	5	20.2861	0.07
3	5	1980	5	19.9389	2.02
4	5	1980	5	19.025	0.19
5	5	1980	5	20.6528	0.02
6	5	1980	5	21.8583	0.13
7	5	1980	5	22.3139	8.12
8	5	1980	5	21.09445	15.16
9	5	1980	5	18.74445	0
10	5	1980	5	20.6	0
11	5	1980	5	22.9139	0.16
12	5	1980	5	24.25835	4.29
13	5	1980	5	23.23615	15.78
14	5	1980	5	18.96945	3.92
15	5	1980	5	21.2	24.62
16	5	1980	5	21.4861	5.7
17	5	1980	5	22.28055	1.51
18	5	1980	5	22.46945	11.65
19	5	1980	5	21.91665	1.81
20	5	1980	5	20.63055	1.84
21	5	1980	5	21.02775	9.77
22	5	1980	5	21.03885	0
23	5	1980	5	21.66665	0
24	5	1980	5	23.975	0
25	5	1980	5	26.9944	0.17
26	5	1980	5	25.5278	0.07
27	5	1980	5	25.20555	0.23
28	5	1980	5	25.67225	0.05
29	5	1980	5	26.26385	0.02
30	5	1980	5	26.00555	0
31	5	1980	5	25.70275	0
1	6	1980	6	25.90555	0
2	6	1980	6	26.3222	0
3	6	1980	6	26.6278	0
4	6	1980	6	26.8639	0
5	6	1980	6	26.65	0
6	6	1980	6	27.3417	0
7	6	1980	6	28.3833	0
8	6	1980	6	27.6417	2.3
9	6	1980	6	25.3361	5.15
10	6	1980	6	24.1611	0
11	6	1980	6	24.56945	0.02
12	6	1980	6	24.4278	0
13	6	1980	6	25.125	0
14	6	1980	6	25.6	0
15	6	1980	6	26.9417	0
16	6	1980	6	28.4583	0
17	6	1980	6	27.8917	0
18	6	1980	6	28.25	0
19	6	1980	6	29.2111	0
20	6	1980	6	30.0139	0.42
21	6	1980	6	27.9139	12.45
22	6	1980	6	28.0139	0.07
23	6	1980	6	29.3528	0.02
24	6	1980	6	29.9	0
25	6	1980	6	29.78055	0
26	6	1980	6	29.92225	0
27	6	1980	6	31.00555	0
28	6	1980	6	30.88335	0
29	6	1980	6	30.08615	0
30	6	1980	6	29.6722	0
1	7	1980	7	30.11115	0.15
2	7	1980	7	29.78055	0
3	7	1980	7	29.39445	0
4	7	1980	7	28.89445	0
5	7	1980	7	28.6028	0
6	7	1980	7	28.625	0
7	7	1980	7	28.725	0
8	7	1980	7	29.60835	0
9	7	1980	7	28.75555	0
10	7	1980	7	28.83335	0
11	7	1980	7	29.3861	0
12	7	1980	7	29.36945	0
13	7	1980	7	28.88335	0
14	7	1980	7	29.30835	0
15	7	1980	7	29.63335	0
16	7	1980	7	29.68055	0
17	7	1980	7	28.63615	0
18	7	1980	7	28.34165	0
19	7	1980	7	28.3028	0
20	7	1980	7	28.8278	0
21	7	1980	7	29.19445	0.41
22	7	1980	7	28.8639	3.15
23	7	1980	7	28.4472	0
24	7	1980	7	27.75275	0
25	7	1980	7	28.4139	0
26	7	1980	7	28.7389	0
27	7	1980	7	29.4639	8.32
28	7	1980	7	29.8389	3.36
29	7	1980	7	27.5111	0.02
30	7	1980	7	28.51115	0
31	7	1980	7	28.1778	0
1	8	1980	8	27.24445	0.02
2	8	1980	8	28.49445	0
3	8	1980	8	29.07225	0
4	8	1980	8	29.0639	0.13
5	8	1980	8	29.28615	0
6	8	1980	8	28.96945	0.78
7	8	1980	8	27.1306	0.62
8	8	1980	8	27.57225	0
9	8	1980	8	26.9889	1.4
10	8	1980	8	24.45275	24.18
11	8	1980	8	24.5722	5.28
12	8	1980	8	26.89165	0.03
13	8	1980	8	27.27775	0.07
14	8	1980	8	27.05555	0
15	8	1980	8	27.26385	0
16	8	1980	8	28.01665	4.2
17	8	1980	8	27.3889	16.92
18	8	1980	8	26.5278	1
19	8	1980	8	27.6861	0.2
20	8	1980	8	27.625	0
21	8	1980	8	28.2667	0
22	8	1980	8	27.5472	0
23	8	1980	8	27.81115	0.06
24	8	1980	8	28.1972	0.69
25	8	1980	8	27.9139	0.23
26	8	1980	8	26.3528	0
27	8	1980	8	26.2389	0.12
28	8	1980	8	26.91945	0
29	8	1980	8	27.61945	1.2
30	8	1980	8	27.7528	0
31	8	1980	8	27.65835	0.06
1	9	1980	9	28.06665	0.26
2	9	1980	9	27.80275	1.24
3	9	1980	9	26.8889	0
4	9	1980	9	26.625	0
5	9	1980	9	27.35	0.64
6	9	1980	9	25.1278	23.8
7	9	1980	9	23.0889	80.9
8	9	1980	9	23.4694	31.07
9	9	1980	9	24.7	7.94
10	9	1980	9	25.1861	0.04
11	9	1980	9	24.7111	0.02
12	9	1980	9	25.19165	0
13	9	1980	9	25.17225	0
14	9	1980	9	25.47225	0.02
15	9	1980	9	25.0861	0.02
16	9	1980	9	24.88055	0.03
17	9	1980	9	25.68055	0
18	9	1980	9	26.21945	0.05
19	9	1980	9	26.2361	1.96
20	9	1980	9	26.00275	0
21	9	1980	9	26.66115	0
22	9	1980	9	27.53885	0
23	9	1980	9	26.5556	0.03
24	9	1980	9	25.7833	0.09
25	9	1980	9	26.09165	14.1
26	9	1980	9	23.06665	11.23
27	9	1980	9	24.05275	13.1
28	9	1980	9	25.09165	6.82
29	9	1980	9	24.46115	19.49
30	9	1980	9	22.2889	0.21
1	10	1980	10	21.25555	0.15
2	10	1980	10	21.175	0.25
3	10	1980	10	19.2917	0
4	10	1980	10	20.51385	0
5	10	1980	10	21.59165	0
6	10	1980	10	21.64165	0
7	10	1980	10	19.89165	0
8	10	1980	10	19.6222	0
9	10	1980	10	19.6361	0
10	10	1980	10	19.2722	0
11	10	1980	10	19.1389	0
12	10	1980	10	18.48055	0
13	10	1980	10	19.0778	0
14	10	1980	10	21.40275	0.61
15	10	1980	10	23.64725	14.64
16	10	1980	10	23.6472	2.03
17	10	1980	10	24.5028	1.34
18	10	1980	10	18.6139	18.73
19	10	1980	10	16.425	0.48
20	10	1980	10	16.60555	0.37
21	10	1980	10	17.0806	0.24
22	10	1980	10	16.4861	0.02
23	10	1980	10	17.59445	0.01
24	10	1980	10	14.7611	0.07
25	10	1980	10	10.69445	0
26	10	1980	10	13.3639	0.39
27	10	1980	10	20.27775	0.64
28	10	1980	10	11.2611	3.7
29	10	1980	10	7.45275	0.88
30	10	1980	10	7.22775	0
31	10	1980	10	10.3389	0
1	11	1980	11	12.8111	0
2	11	1980	11	14.4028	0
3	11	1980	11	16.73055	0
4	11	1980	11	17.5972	0
5	11	1980	11	14.9528	0
6	11	1980	11	15.75	0
7	11	1980	11	18.10555	0
8	11	1980	11	18.6972	0
9	11	1980	11	20.5833	0
10	11	1980	11	20.15	0
11	11	1980	11	18.89165	0
12	11	1980	11	17.6361	0
13	11	1980	11	15.80835	0
14	11	1980	11	14.4528	0
15	11	1980	11	9.39445	14.94
16	11	1980	11	5.9028	23.09
17	11	1980	11	4.125	0.03
18	11	1980	11	4.5889	0.03
19	11	1980	11	5.85555	0
20	11	1980	11	7.75555	0.03
21	11	1980	11	7.5778	0.27
22	11	1980	11	7.72225	8.22
23	11	1980	11	11.06945	0.45
24	11	1980	11	9.9333	0.1
25	11	1980	11	6.7639	24.1
26	11	1980	11	3.31945	1.93
27	11	1980	11	4.14445	0
28	11	1980	11	5.2417	0.05
29	11	1980	11	8.99445	0.03
30	11	1980	11	11.1139	0.06
1	12	1980	12	16.17225	0.09
2	12	1980	12	10.09725	0.15
3	12	1980	12	6.54165	0.14
4	12	1980	12	9.6222	1.53
5	12	1980	12	15.46945	1.8
6	12	1980	12	18.6944	0.18
7	12	1980	12	19.5611	0.31
8	12	1980	12	17.74445	15.53
9	12	1980	12	8.74165	0.58
10	12	1980	12	6.91665	0
11	12	1980	12	6.1722	0
12	12	1980	12	8.75275	0
13	12	1980	12	10.75555	0.64
14	12	1980	12	12.50275	2.06
15	12	1980	12	14.5139	2.01
16	12	1980	12	14.39165	0
17	12	1980	12	13.48055	0
18	12	1980	12	14.4111	0
19	12	1980	12	9.35275	0
20	12	1980	12	1.56665	0
21	12	1980	12	0.84445	0
22	12	1980	12	4.2028	0
23	12	1980	12	9.98335	0
24	12	1980	12	10.275	0
25	12	1980	12	3.2889	0
26	12	1980	12	6.7139	0
27	12	1980	12	9.98335	0
28	12	1980	12	10.5111	0
29	12	1980	12	10.32225	0
30	12	1980	12	8.71945	0
31	12	1980	12	9.8278	0
1	1	1981	1	10.06665	0
2	1	1981	1	9.3083	0
3	1	1981	1	10.11665	0
4	1	1981	1	9.675	0.15
5	1	1981	1	7.99165	0.68
6	1	1981	1	10.31115	0.4
7	1	1981	1	8.51945	0.05
8	1	1981	1	7.23335	3.45
9	1	1981	1	8.78885	0.25
10	1	1981	1	9.8722	0.01
11	1	1981	1	9.4222	0.01
12	1	1981	1	6.10555	0.05
13	1	1981	1	3.9	2.19
14	1	1981	1	6.94445	0.45
15	1	1981	1	6.5111	0.04
16	1	1981	1	5.6889	0.32
17	1	1981	1	3.05835	0.64
18	1	1981	1	1.0389	0.9
19	1	1981	1	1.3028	20.43
20	1	1981	1	5.7111	0
21	1	1981	1	6.925	0.36
22	1	1981	1	5.69445	0
23	1	1981	1	7.4389	0
24	1	1981	1	10.46665	0
25	1	1981	1	12.48335	0.03
26	1	1981	1	13.1917	0
27	1	1981	1	14.7167	0
28	1	1981	1	12.31945	0
29	1	1981	1	13.3972	0
30	1	1981	1	11.4972	0
31	1	1981	1	9.43055	2.06
1	2	1981	2	9.03335	1.49
2	2	1981	2	3.0778	0.2
3	2	1981	2	2.2	0.05
4	2	1981	2	3.26665	9.78
5	2	1981	2	5.44445	5.26
6	2	1981	2	6.1083	0.03
7	2	1981	2	10.8889	0.06
8	2	1981	2	9.8611	0.84
9	2	1981	2	10.11945	1.69
10	2	1981	2	12.45	8.38
11	2	1981	2	-0.775	0
12	2	1981	2	-1.13885	0
13	2	1981	2	0.87225	0.66
14	2	1981	2	6.55835	0
15	2	1981	2	8.675	0
16	2	1981	2	8.70555	0.26
17	2	1981	2	10.59445	0
18	2	1981	2	14.3972	0
19	2	1981	2	16.3639	0
20	2	1981	2	15.85555	0.01
21	2	1981	2	17.2694	0.11
22	2	1981	2	13.6389	0
23	2	1981	2	11	0
24	2	1981	2	12.1278	0.01
25	2	1981	2	12.4889	1.17
26	2	1981	2	18.06945	0.17
27	2	1981	2	18.39445	0.62
28	2	1981	2	18.02225	0.21
1	3	1981	3	13.69165	13.56
2	3	1981	3	13.3389	0.3
3	3	1981	3	14.5528	32.31
4	3	1981	3	15.75275	0.79
5	3	1981	3	13.25555	0
6	3	1981	3	11.26665	0.09
7	3	1981	3	13.4083	3.11
8	3	1981	3	11.41665	0
9	3	1981	3	10.6861	0
10	3	1981	3	10.1	0.69
11	3	1981	3	9.95555	17.84
12	3	1981	3	8.6	10.07
13	3	1981	3	11.2611	1.69
14	3	1981	3	12.4472	0.03
15	3	1981	3	14.78055	0
16	3	1981	3	14.8	0
17	3	1981	3	13.26945	0
18	3	1981	3	13.5889	0
19	3	1981	3	9.325	0
20	3	1981	3	10.53615	0.1
21	3	1981	3	14.2111	0
22	3	1981	3	13.6417	0
23	3	1981	3	10.6222	0
24	3	1981	3	11.0361	0.02
25	3	1981	3	13.2222	0.04
26	3	1981	3	14.75835	0
27	3	1981	3	16.2639	0.07
28	3	1981	3	20.0083	14.39
29	3	1981	3	17.37775	8.04
30	3	1981	3	16.11115	0
31	3	1981	3	17.4889	0
1	4	1981	4	17.6861	0
2	4	1981	4	16.04165	0.56
3	4	1981	4	19.96665	2.63
4	4	1981	4	19.01115	0.5
5	4	1981	4	14.25835	0
6	4	1981	4	13.0389	0
7	4	1981	4	16.97225	0
8	4	1981	4	20.5139	0
9	4	1981	4	21.9083	0.06
10	4	1981	4	21.77775	0.45
11	4	1981	4	20.99165	0
12	4	1981	4	21.6222	0.01
13	4	1981	4	22.0778	0
14	4	1981	4	21.6278	2.1
15	4	1981	4	18.21945	1.75
16	4	1981	4	18.8722	0.9
17	4	1981	4	20.93055	17.87
18	4	1981	4	21.49725	6.34
19	4	1981	4	22.6333	1.03
20	4	1981	4	23.1611	1.68
21	4	1981	4	21.64725	3.8
22	4	1981	4	21.2139	8.1
23	4	1981	4	18.72225	33.77
24	4	1981	4	16.7389	0.04
25	4	1981	4	17.75555	1.83
26	4	1981	4	20.1139	0.03
27	4	1981	4	20.52775	0.04
28	4	1981	4	21.69445	0
29	4	1981	4	23.3	0
30	4	1981	4	24.19445	0.23
1	5	1981	5	24.0333	6.98
2	5	1981	5	21.34445	6.36
3	5	1981	5	20.35	6.82
4	5	1981	5	21.02775	0.07
5	5	1981	5	21.6639	0.05
6	5	1981	5	21.2611	0
7	5	1981	5	20.875	0
8	5	1981	5	21.3111	0.05
9	5	1981	5	23	0.07
10	5	1981	5	17.3583	0
11	5	1981	5	14.93335	0
12	5	1981	5	17.91665	0
13	5	1981	5	22.6667	0
14	5	1981	5	21.3833	0
15	5	1981	5	18.6722	1.24
16	5	1981	5	21.7028	1.53
17	5	1981	5	25.28335	0.1
18	5	1981	5	26.3889	0.66
19	5	1981	5	21.60555	0
20	5	1981	5	18.4694	0
21	5	1981	5	18.84445	0.06
22	5	1981	5	21.9528	0.12
23	5	1981	5	25.40275	9.37
24	5	1981	5	22.6472	27.04
25	5	1981	5	22.2167	0.64
26	5	1981	5	24.23335	0
27	5	1981	5	25.67225	0
28	5	1981	5	26.55275	0.38
29	5	1981	5	24.5667	7.23
30	5	1981	5	21.95	24.52
31	5	1981	5	21.81665	3.16
1	6	1981	6	22.9667	0.94
2	6	1981	6	24.2139	6.52
3	6	1981	6	24.76945	10.64
4	6	1981	6	23.50275	41.33
5	6	1981	6	23.0833	0.5
6	6	1981	6	24.94725	0
7	6	1981	6	26.4778	0
8	6	1981	6	28.04445	0
9	6	1981	6	28.5139	0.04
10	6	1981	6	28.12775	2.2
11	6	1981	6	25.1611	4.6
12	6	1981	6	23.35555	40.33
13	6	1981	6	23.51115	21.74
14	6	1981	6	24.46665	23.85
15	6	1981	6	25.1333	22.82
16	6	1981	6	21.2611	44.77
17	6	1981	6	20.50275	3.05
18	6	1981	6	23.32775	0.05
19	6	1981	6	25.475	0.03
20	6	1981	6	26.0417	0
21	6	1981	6	26.2861	0
22	6	1981	6	26.4389	0
23	6	1981	6	26.30555	0.56
24	6	1981	6	26.0861	2.47
25	6	1981	6	25.7528	11.32
26	6	1981	6	25.05555	6.58
27	6	1981	6	25.42225	3.58
28	6	1981	6	25.575	0.42
29	6	1981	6	26.1139	1.73
30	6	1981	6	26.00835	0.41
1	7	1981	7	26.38055	0
2	7	1981	7	27.03055	0.32
3	7	1981	7	27.44445	0.27
4	7	1981	7	26.91945	4.24
5	7	1981	7	25.4417	8.41
6	7	1981	7	23.4972	3.39
7	7	1981	7	24.05	2.45
8	7	1981	7	24.69165	1.83
9	7	1981	7	25.9833	0.15
10	7	1981	7	26.1639	0.04
11	7	1981	7	26.3111	0.11
12	7	1981	7	26.30275	0.39
13	7	1981	7	27.03055	0
14	7	1981	7	27.4611	0
15	7	1981	7	27.23055	0
16	7	1981	7	26.88055	0
17	7	1981	7	27.175	0
18	7	1981	7	27.83055	0
19	7	1981	7	28.20275	0
20	7	1981	7	28.5833	0
21	7	1981	7	27.59165	0
22	7	1981	7	27.87775	0
23	7	1981	7	28.6361	0
24	7	1981	7	27.31665	0.02
25	7	1981	7	27.51665	0.24
26	7	1981	7	27.88335	1.86
27	7	1981	7	27.23055	4.01
28	7	1981	7	27.5111	2.24
29	7	1981	7	27.4917	0
30	7	1981	7	27.86115	0.02
31	7	1981	7	28.18335	0
1	8	1981	8	28.1389	0.01
2	8	1981	8	27.69725	0
3	8	1981	8	27.7861	0
4	8	1981	8	28.13335	0
5	8	1981	8	28.2139	0
6	8	1981	8	28.43615	0
7	8	1981	8	27.6722	2.35
8	8	1981	8	27.03885	0.75
9	8	1981	8	26.025	1.22
10	8	1981	8	26.2722	0.2
11	8	1981	8	27.0611	0
12	8	1981	8	27.275	0
13	8	1981	8	27.6028	0.27
14	8	1981	8	28.1028	0.29
15	8	1981	8	28.975	0
16	8	1981	8	29.01945	6.02
17	8	1981	8	26.3389	16.34
18	8	1981	8	25.26665	19.16
19	8	1981	8	24.25	0.34
20	8	1981	8	25.28335	0.06
21	8	1981	8	24.01945	0
22	8	1981	8	24.13335	0.02
23	8	1981	8	24.62775	0
24	8	1981	8	25.30555	3.13
25	8	1981	8	25.75275	0.04
26	8	1981	8	25.96665	0.01
27	8	1981	8	25.86945	0.22
28	8	1981	8	25.85	1.15
29	8	1981	8	25.44165	1.46
30	8	1981	8	24.66945	4.55
31	8	1981	8	26.2861	1.64
1	9	1981	9	27.62775	6.1
2	9	1981	9	25.8583	2.36
3	9	1981	9	25.6139	4.72
4	9	1981	9	26.15555	0.55
5	9	1981	9	25.16665	0.01
6	9	1981	9	26.1361	0
7	9	1981	9	26.58055	0.08
8	9	1981	9	25.76115	0.62
9	9	1981	9	22.54165	0.02
10	9	1981	9	23.18885	0
11	9	1981	9	24.1	0.05
12	9	1981	9	25.2722	0.92
13	9	1981	9	25.78335	16.24
14	9	1981	9	25.5333	21.78
15	9	1981	9	24.02225	2.04
16	9	1981	9	22.98055	0
17	9	1981	9	19.04165	0.03
18	9	1981	9	16.1639	0.08
19	9	1981	9	15.225	0
20	9	1981	9	17.47775	0
21	9	1981	9	20.7389	0
22	9	1981	9	23.0028	0
23	9	1981	9	23.94445	0
24	9	1981	9	24.49445	0
25	9	1981	9	24.8139	0.02
26	9	1981	9	25.44725	0
27	9	1981	9	24.9167	0
28	9	1981	9	23.0639	0
29	9	1981	9	22.38055	0
30	9	1981	9	23.1583	0
1	10	1981	10	24.5028	0
2	10	1981	10	24.06945	0.03
3	10	1981	10	24.9472	0.07
4	10	1981	10	25.9417	0
5	10	1981	10	26.3139	0.9
6	10	1981	10	23.7778	93.23
7	10	1981	10	20.7972	13.8
8	10	1981	10	16.21945	0.02
9	10	1981	10	19.625	1.25
10	10	1981	10	22.7556	0.38
11	10	1981	10	23.68335	2.96
12	10	1981	10	25.28055	4.63
13	10	1981	10	25.4333	29.58
14	10	1981	10	25.20275	11.58
15	10	1981	10	25.2361	0.43
16	10	1981	10	24.6972	0.22
17	10	1981	10	24.5611	0.08
18	10	1981	10	19	0.03
19	10	1981	10	13.89165	0
20	10	1981	10	15.03335	0.04
21	10	1981	10	16.25835	0.44
22	10	1981	10	14.99725	15.82
23	10	1981	10	10.55835	1.68
24	10	1981	10	10.5389	0.21
25	10	1981	10	15.2389	0
26	10	1981	10	12.94165	0
27	10	1981	10	11.90555	0.01
28	10	1981	10	13.675	0
29	10	1981	10	15.5611	0
30	10	1981	10	17.81665	5.37
31	10	1981	10	19.34445	12.93
1	11	1981	11	14.3389	0
2	11	1981	11	12.72775	0
3	11	1981	11	14.6222	0
4	11	1981	11	15.02775	0
5	11	1981	11	16.1472	0
6	11	1981	11	16.59445	0
7	11	1981	11	14.275	0.07
8	11	1981	11	16.8028	10.87
9	11	1981	11	12.0139	0
10	11	1981	11	8.62225	0
11	11	1981	11	9.55835	0
12	11	1981	11	11.3889	0
13	11	1981	11	12.60835	0
14	11	1981	11	14.55835	0
15	11	1981	11	18.0639	0
16	11	1981	11	16.8639	0
17	11	1981	11	16.5972	0
18	11	1981	11	18.52775	0
19	11	1981	11	15.98055	0
20	11	1981	11	8.79445	0
21	11	1981	11	9.0361	0
22	11	1981	11	11.6917	0
23	11	1981	11	16.10555	0
24	11	1981	11	15.325	0
25	11	1981	11	16.0833	0
26	11	1981	11	19.48885	0
27	11	1981	11	13.07225	0.21
28	11	1981	11	14.13335	0.27
29	11	1981	11	17.74445	1.82
30	11	1981	11	17.2028	1.3
1	12	1981	12	10.1611	0.07
2	12	1981	12	7.85835	0
3	12	1981	12	11.19445	0
4	12	1981	12	10.94165	0
5	12	1981	12	6.86665	0.08
6	12	1981	12	8.9139	0.95
7	12	1981	12	13.9556	0.04
8	12	1981	12	15.01945	0
9	12	1981	12	13.95275	0
10	12	1981	12	13.34725	0.03
11	12	1981	12	15.6472	0
12	12	1981	12	15.04445	0.01
13	12	1981	12	10.44445	0.11
14	12	1981	12	7.92775	1.34
15	12	1981	12	5.1889	0.05
16	12	1981	12	9.00555	0
17	12	1981	12	7.0278	0
18	12	1981	12	1.0639	0
19	12	1981	12	2.1889	0.01
20	12	1981	12	6.15	0.48
21	12	1981	12	12.8639	0.07
22	12	1981	12	15.84725	0.07
23	12	1981	12	7.1722	0
24	12	1981	12	4.14165	0
25	12	1981	12	3.02225	0
26	12	1981	12	7.36945	0
27	12	1981	12	9.60835	0.04
28	12	1981	12	9.24445	0
29	12	1981	12	6.48055	0.22
30	12	1981	12	6.05	2.32
31	12	1981	12	11.78055	0.07
1	1	1982	1	10.0972	0
2	1	1982	1	12.71945	0.1
3	1	1982	1	16.6778	0.04
4	1	1982	1	9.70835	0
5	1	1982	1	9.5694	0
6	1	1982	1	12.91945	0.24
7	1	1982	1	6.39165	0
8	1	1982	1	2.50275	0
9	1	1982	1	5.8278	0.09
10	1	1982	1	2.9167	0
11	1	1982	1	-6.25835	2.23
12	1	1982	1	-0.6028	6.47
13	1	1982	1	1.03615	2.13
14	1	1982	1	1.40555	0.3
15	1	1982	1	6.4389	0
16	1	1982	1	4.31945	0
17	1	1982	1	-1.4028	0.02
18	1	1982	1	5.2583	0.01
19	1	1982	1	12.7861	0.18
20	1	1982	1	15.3556	0.21
21	1	1982	1	16.60555	0.49
22	1	1982	1	18.29165	0.1
23	1	1982	1	11.5028	0.02
24	1	1982	1	8.56945	0
25	1	1982	1	10.28335	0
26	1	1982	1	8.23335	0.09
27	1	1982	1	10.125	0.04
28	1	1982	1	14.15555	0.03
29	1	1982	1	17.11115	2.06
30	1	1982	1	15.10555	3.68
31	1	1982	1	8.35275	0.15
1	2	1982	2	6.025	0.02
2	2	1982	2	7.5611	1.3
3	2	1982	2	4.35555	0.03
4	2	1982	2	1.0722	0.31
5	2	1982	2	-1.9222	0.3
6	2	1982	2	-4.63055	0.12
7	2	1982	2	-0.98885	0.03
8	2	1982	2	4.7028	0.07
9	2	1982	2	5.24445	0
10	2	1982	2	0.65275	0
11	2	1982	2	2.83055	0
12	2	1982	2	8.3722	0
13	2	1982	2	6.04165	0.16
14	2	1982	2	7.4806	0.05
15	2	1982	2	12.7	0
16	2	1982	2	15.80835	0.02
17	2	1982	2	16.14725	0.53
18	2	1982	2	14.61945	0.7
19	2	1982	2	12.7167	3.89
20	2	1982	2	14.54725	8.91
21	2	1982	2	16.7333	0.02
22	2	1982	2	16.14445	0.02
23	2	1982	2	16.23055	0.15
24	2	1982	2	17.26945	0.06
25	2	1982	2	10.14165	22.51
26	2	1982	2	3.05	1.76
27	2	1982	2	4.69445	0
28	2	1982	2	7.65835	0.02
1	3	1982	3	9.98335	0
2	3	1982	3	12.30275	0.01
3	3	1982	3	16.2111	0
4	3	1982	3	17.05555	0
5	3	1982	3	11.84445	0.07
6	3	1982	3	5.31945	0.51
7	3	1982	3	5.18055	0.24
8	3	1982	3	9.15	0.01
9	3	1982	3	13.19165	0
10	3	1982	3	16.95	0
11	3	1982	3	19.94445	0
12	3	1982	3	21.6111	0.02
13	3	1982	3	22.51665	0.13
14	3	1982	3	22.74445	0.13
15	3	1982	3	21.04445	0.01
16	3	1982	3	22.575	0.01
17	3	1982	3	22.5528	0
18	3	1982	3	23.2861	0.04
19	3	1982	3	23.23335	0
20	3	1982	3	21.04165	0.24
21	3	1982	3	19.1361	2
22	3	1982	3	14.07775	6.13
23	3	1982	3	13.25	1.61
24	3	1982	3	16.7472	0.02
25	3	1982	3	16.50275	0.41
26	3	1982	3	10.40555	0.98
27	3	1982	3	7.825	3.33
28	3	1982	3	7.5278	0.22
29	3	1982	3	10.9889	1.67
30	3	1982	3	18.18885	0.17
31	3	1982	3	22.38055	0
1	4	1982	4	22.65835	0.72
2	4	1982	4	23.65835	0
3	4	1982	4	19.4944	0
4	4	1982	4	20.0611	0
5	4	1982	4	21.625	0
6	4	1982	4	14.6056	0
7	4	1982	4	13.80555	0.15
8	4	1982	4	19.65	0.06
9	4	1982	4	15.6778	2.3
10	4	1982	4	13.25	0
11	4	1982	4	14.30555	0
12	4	1982	4	17.86115	0
13	4	1982	4	24.12225	0.03
14	4	1982	4	23.49445	0.14
15	4	1982	4	23.28055	0.09
16	4	1982	4	23.3472	0.2
17	4	1982	4	20.27775	0.03
18	4	1982	4	18.0639	0.28
19	4	1982	4	21.18055	1.18
20	4	1982	4	19.275	6.39
21	4	1982	4	12.48615	5.15
22	4	1982	4	9.1222	26.34
23	4	1982	4	10.33055	2.57
24	4	1982	4	11.7389	4.5
25	4	1982	4	16.87225	0
26	4	1982	4	18.5222	0
27	4	1982	4	17.90555	0.01
28	4	1982	4	19	0.14
29	4	1982	4	20.40555	0
30	4	1982	4	19.3	3.8
1	5	1982	5	18.9583	1.09
2	5	1982	5	20.4972	0.06
3	5	1982	5	20.51945	0
4	5	1982	5	21.2472	0.93
5	5	1982	5	21.05555	6.99
6	5	1982	5	18.4	22.99
7	5	1982	5	15.4	0.02
8	5	1982	5	16.725	0.02
9	5	1982	5	18.175	0.03
10	5	1982	5	19.14725	0.81
11	5	1982	5	20.7028	7.45
12	5	1982	5	22.35	18.83
13	5	1982	5	21.21665	41.57
14	5	1982	5	20.91945	0.6
15	5	1982	5	21.9083	0.01
16	5	1982	5	23.6472	2.14
17	5	1982	5	22.2389	2.07
18	5	1982	5	22.15555	0
19	5	1982	5	24.19165	0
20	5	1982	5	24.86385	0
21	5	1982	5	24.74725	0.47
22	5	1982	5	23.5361	0.56
23	5	1982	5	21.85555	5.49
24	5	1982	5	20.79445	11.02
25	5	1982	5	23.38055	1.02
26	5	1982	5	24.67775	0.55
27	5	1982	5	24.92775	3.73
28	5	1982	5	24.5	2.97
29	5	1982	5	26.3778	1.74
30	5	1982	5	27.1472	0
31	5	1982	5	26.5861	0.05
1	6	1982	6	21.94445	0.02
2	6	1982	6	23.5222	0.08
3	6	1982	6	26.1889	0
4	6	1982	6	26.2389	0
5	6	1982	6	26.125	0
6	6	1982	6	26.25835	0
7	6	1982	6	26.51665	0
8	6	1982	6	26.13055	0
9	6	1982	6	26.5667	0
10	6	1982	6	26.24445	1.23
11	6	1982	6	26.58055	4.26
12	6	1982	6	22.89165	15.68
13	6	1982	6	23.10275	0
14	6	1982	6	24.53335	0
15	6	1982	6	26.04445	0
16	6	1982	6	25.0111	9.79
17	6	1982	6	25.70835	0.34
18	6	1982	6	26.73055	0.16
19	6	1982	6	26.19165	1.45
20	6	1982	6	25.90275	0.86
21	6	1982	6	25.6833	1.13
22	6	1982	6	27.025	6.76
23	6	1982	6	25.11665	0
24	6	1982	6	26.22225	1.11
25	6	1982	6	26.16115	3.13
26	6	1982	6	26.5667	0.38
27	6	1982	6	27.21385	0.5
28	6	1982	6	27.5417	0.57
29	6	1982	6	28.11665	0.34
30	6	1982	6	27.1528	5.7
1	7	1982	7	25.6667	0
2	7	1982	7	27.35555	0.05
3	7	1982	7	27.91945	0
4	7	1982	7	27.38335	0.5
5	7	1982	7	26.8722	1.29
6	7	1982	7	27.6639	0.09
7	7	1982	7	27.63055	0
8	7	1982	7	27.19725	0
9	7	1982	7	27.1028	0
10	7	1982	7	28.0667	0
11	7	1982	7	27.95555	0.01
12	7	1982	7	27.6028	0.11
13	7	1982	7	26.94725	0.74
14	7	1982	7	27.13055	0.17
15	7	1982	7	27.84165	0
16	7	1982	7	28.22225	0
17	7	1982	7	28.2361	0
18	7	1982	7	28.5639	0
19	7	1982	7	28.60835	0
20	7	1982	7	28.0639	0
21	7	1982	7	28.18055	0.04
22	7	1982	7	28.16945	10.71
23	7	1982	7	27.46665	3.15
24	7	1982	7	27.46385	0.03
25	7	1982	7	28.45	0.13
26	7	1982	7	29.0389	0
27	7	1982	7	28.9167	0
28	7	1982	7	28.7861	0
29	7	1982	7	29.1111	0.38
30	7	1982	7	28.94445	0
31	7	1982	7	29.08885	0
1	8	1982	8	29.275	0
2	8	1982	8	29.08055	0
3	8	1982	8	28.6528	0.36
4	8	1982	8	29.15	0
5	8	1982	8	28.4806	0
6	8	1982	8	27.2	0.67
7	8	1982	8	28.24445	6.31
8	8	1982	8	27.27775	14.79
9	8	1982	8	25.8861	5.66
10	8	1982	8	25.23615	1.58
11	8	1982	8	26.94165	0.15
12	8	1982	8	27.9417	0.03
13	8	1982	8	28.27775	0
14	8	1982	8	28.3083	0
15	8	1982	8	28.2722	0
16	8	1982	8	27.9	0
17	8	1982	8	28.4278	0.3
18	8	1982	8	28.06945	4.14
19	8	1982	8	27.24445	0
20	8	1982	8	26.9	0
21	8	1982	8	26.88885	0.05
22	8	1982	8	26.4861	0
23	8	1982	8	27.3722	0
24	8	1982	8	28.35555	0
25	8	1982	8	28.0806	0
26	8	1982	8	28.59445	0
27	8	1982	8	29.1611	0
28	8	1982	8	28.65835	0.04
29	8	1982	8	28.175	0
30	8	1982	8	27.44445	0.03
31	8	1982	8	27.9944	0.18
1	9	1982	9	28.55555	1.38
2	9	1982	9	28.9139	0.64
3	9	1982	9	27.6917	6.86
4	9	1982	9	25.3889	0
5	9	1982	9	25.0472	0
6	9	1982	9	24.7417	0.13
7	9	1982	9	25.8361	0
8	9	1982	9	25.5778	0.03
9	9	1982	9	25.05275	0.01
10	9	1982	9	24.50835	0
11	9	1982	9	25.4806	2.9
12	9	1982	9	26.8611	1.6
13	9	1982	9	27.4611	8.89
14	9	1982	9	25.6389	0.76
15	9	1982	9	26.89725	7.39
16	9	1982	9	24.9583	1.01
17	9	1982	9	25.23055	0.01
18	9	1982	9	25.3611	0.93
19	9	1982	9	25.6361	6.5
20	9	1982	9	24.02225	10.3
21	9	1982	9	19.39445	0
22	9	1982	9	17.7028	0
23	9	1982	9	18.36945	0.07
24	9	1982	9	19.6111	0
25	9	1982	9	21.50555	0
26	9	1982	9	20.95275	0
27	9	1982	9	22.8111	0
28	9	1982	9	24.82775	0
29	9	1982	9	25.3639	0.03
30	9	1982	9	25.51945	0.03
1	10	1982	10	25.63335	2.05
2	10	1982	10	25.3528	0
3	10	1982	10	24.55555	0
4	10	1982	10	23.7306	0.01
5	10	1982	10	23.2083	1.11
6	10	1982	10	23.8111	3.36
7	10	1982	10	25.4917	2.74
8	10	1982	10	25.8667	2.53
9	10	1982	10	21.53335	3.85
10	10	1982	10	18.30555	2.29
11	10	1982	10	15.775	3.57
12	10	1982	10	12.54445	6.76
13	10	1982	10	15.26385	0.24
14	10	1982	10	15.00835	0
15	10	1982	10	16.60275	0
16	10	1982	10	16.79445	0
17	10	1982	10	17.6583	0
18	10	1982	10	18.85	0
19	10	1982	10	20.39445	0
20	10	1982	10	16.6861	0.18
21	10	1982	10	13.53055	0.15
22	10	1982	10	14.18335	0.09
23	10	1982	10	12.80555	0
24	10	1982	10	12.1417	0
25	10	1982	10	11.33055	0
26	10	1982	10	12.59445	0
27	10	1982	10	15.7778	0.17
28	10	1982	10	21.50275	0.25
29	10	1982	10	19.1139	0.01
30	10	1982	10	19.7694	0.04
31	10	1982	10	22.7639	0.01
1	11	1982	11	23.88055	1.11
2	11	1982	11	21.87775	29.72
3	11	1982	11	13.3111	1.06
4	11	1982	11	6.725	0.05
5	11	1982	11	8.58055	0
6	11	1982	11	12.10275	0
7	11	1982	11	17.3083	0
8	11	1982	11	17.61115	0
9	11	1982	11	18.45275	0.09
10	11	1982	11	19.8944	2.14
11	11	1982	11	20.4778	0.19
12	11	1982	11	15.90275	0.15
13	11	1982	11	7.7611	0.01
14	11	1982	11	8.76665	0.18
15	11	1982	11	6.4861	0
16	11	1982	11	7.83335	0.01
17	11	1982	11	12.1611	0
18	11	1982	11	14.5028	0.02
19	11	1982	11	17.93335	0.26
20	11	1982	11	19.79445	0.01
21	11	1982	11	19.6556	0
22	11	1982	11	20.99445	0.77
23	11	1982	11	19.1222	1.59
24	11	1982	11	5.2861	11.78
25	11	1982	11	1.55	8.87
26	11	1982	11	3.4028	48.18
27	11	1982	11	6.10555	1.5
28	11	1982	11	7.61945	0.04
29	11	1982	11	11.94165	0
30	11	1982	11	14.72225	0.02
1	12	1982	12	18.85	2.03
2	12	1982	12	18.86665	3.3
3	12	1982	12	12.0778	3.58
4	12	1982	12	7.7389	0
5	12	1982	12	8.37225	0
6	12	1982	12	9.9083	0
7	12	1982	12	9.73335	0.06
8	12	1982	12	10.5583	1.08
9	12	1982	12	7.6778	4.12
10	12	1982	12	6.2389	7.61
11	12	1982	12	6.06945	3.77
12	12	1982	12	3.0583	0
13	12	1982	12	2.38335	0
14	12	1982	12	7.24445	0
15	12	1982	12	10.4833	0
16	12	1982	12	7.24445	0
17	12	1982	12	9.16945	0
18	12	1982	12	12.59165	0
19	12	1982	12	12.44725	0
20	12	1982	12	9.80835	0
21	12	1982	12	12.17225	0.06
22	12	1982	12	14.2972	0
23	12	1982	12	15.89445	0
24	12	1982	12	16.6833	0
25	12	1982	12	9.89165	1.59
26	12	1982	12	3.29445	3.05
27	12	1982	12	4.70275	11.26
28	12	1982	12	5.91945	0.39
29	12	1982	12	3.19165	0.41
30	12	1982	12	1.24165	0.4
31	12	1982	12	2.2861	6.16
1	1	1983	1	2.64445	6.06
2	1	1983	1	2.675	0.07
3	1	1983	1	2.6806	0
4	1	1983	1	3.3222	0
5	1	1983	1	6.2917	0
6	1	1983	1	9.35555	0
7	1	1983	1	11.025	0.01
8	1	1983	1	9.8083	0
9	1	1983	1	8.34445	0
10	1	1983	1	9.5139	0
11	1	1983	1	8.375	0
12	1	1983	1	8.99725	0
13	1	1983	1	9.5917	0
14	1	1983	1	10.75275	0
15	1	1983	1	9.15275	0
16	1	1983	1	7.9778	0.24
17	1	1983	1	8.3889	0.05
18	1	1983	1	7.97775	8.31
19	1	1983	1	4.21945	1.5
20	1	1983	1	3.1972	6.84
21	1	1983	1	2.87775	4.68
22	1	1983	1	4.4583	0
23	1	1983	1	5.5417	0
24	1	1983	1	7.7278	0
25	1	1983	1	7.26665	0
26	1	1983	1	6.525	0
27	1	1983	1	5.30555	0
28	1	1983	1	7.71945	0
29	1	1983	1	10.9917	0.23
30	1	1983	1	10.8389	0.14
31	1	1983	1	13.425	1.52
1	2	1983	2	9.3361	0.03
2	2	1983	2	6.99445	1.05
3	2	1983	2	4.5889	1.23
4	2	1983	2	4.0389	7.26
5	2	1983	2	5.6861	7.64
6	2	1983	2	4.41385	0.01
7	2	1983	2	4.3306	0.44
8	2	1983	2	8.41665	0.09
9	2	1983	2	13.68055	14.81
10	2	1983	2	10.5528	0
11	2	1983	2	9.2389	0.02
12	2	1983	2	9.10835	0
13	2	1983	2	7.3139	5.47
14	2	1983	2	8.725	15.64
15	2	1983	2	10.0528	7.75
16	2	1983	2	10	0.01
17	2	1983	2	9.2778	0.02
18	2	1983	2	10.64445	0.45
19	2	1983	2	12.675	0.54
20	2	1983	2	13.53335	4.09
21	2	1983	2	9.70835	0
22	2	1983	2	8.76945	0
23	2	1983	2	10.3639	0
24	2	1983	2	12.6306	0
25	2	1983	2	10.97775	0.01
26	2	1983	2	9.49725	0
27	2	1983	2	7.92225	0
28	2	1983	2	11.2139	0
1	3	1983	3	15.08055	0.33
2	3	1983	3	17.59165	0.17
3	3	1983	3	18.425	7.18
4	3	1983	3	17.64725	23.17
5	3	1983	3	14.625	0.03
6	3	1983	3	16.96665	0
7	3	1983	3	15.2333	0
8	3	1983	3	14.05835	0.07
9	3	1983	3	12.5889	0.71
10	3	1983	3	10.125	0
11	3	1983	3	10.16115	0
12	3	1983	3	9.43055	0
13	3	1983	3	12.10555	0
14	3	1983	3	15.82225	2.09
15	3	1983	3	14.8722	13.7
16	3	1983	3	11.3361	5.85
17	3	1983	3	9.6528	0.49
18	3	1983	3	9.68055	0.47
19	3	1983	3	12.25	2.66
20	3	1983	3	9.53055	1.31
21	3	1983	3	6.10835	0.11
22	3	1983	3	6.0028	0.31
23	3	1983	3	9.825	10.91
24	3	1983	3	11.18055	1.64
25	3	1983	3	12.21385	2.56
26	3	1983	3	13.18335	11.38
27	3	1983	3	11.39445	1.14
28	3	1983	3	10.1472	0.16
29	3	1983	3	12.89445	0.02
30	3	1983	3	16.56945	2.29
31	3	1983	3	17.2472	0
1	4	1983	4	18.4861	0
2	4	1983	4	13.33885	0
3	4	1983	4	12.9056	0.18
4	4	1983	4	18.625	0.79
5	4	1983	4	13.9028	0.02
6	4	1983	4	11.35	0
7	4	1983	4	10.51665	0.01
8	4	1983	4	9.8972	0.02
9	4	1983	4	9.03055	0
10	4	1983	4	13.22775	0
11	4	1983	4	16.67775	0.01
12	4	1983	4	20.29445	0
13	4	1983	4	20.70835	0
14	4	1983	4	13.825	0
15	4	1983	4	9.98335	0
16	4	1983	4	11.30555	0
17	4	1983	4	14.55275	0
18	4	1983	4	17.8028	0.15
19	4	1983	4	19.95	0.53
20	4	1983	4	20.90275	0.21
21	4	1983	4	21.26945	1.36
22	4	1983	4	21.4583	1.81
23	4	1983	4	18.81945	0
24	4	1983	4	15.08335	0
25	4	1983	4	15.2806	0
26	4	1983	4	16.61945	0
27	4	1983	4	21.42775	0
28	4	1983	4	23.1111	0
29	4	1983	4	23.6111	0.1
30	4	1983	4	24.36665	0
1	5	1983	5	25.7833	0
2	5	1983	5	26.0389	0
3	5	1983	5	20.2389	0.08
4	5	1983	5	17.20555	0.14
5	5	1983	5	19.25555	0
6	5	1983	5	21.5917	0
7	5	1983	5	24.1361	0.28
8	5	1983	5	21.65275	0.01
9	5	1983	5	19.68055	2.51
10	5	1983	5	19.3417	20.58
11	5	1983	5	20.98335	2.25
12	5	1983	5	22.3306	0.66
13	5	1983	5	23.275	0.98
14	5	1983	5	22.5111	3.07
15	5	1983	5	17.53885	13.15
16	5	1983	5	16.6778	0.17
17	5	1983	5	18.1861	0.23
18	5	1983	5	21.32225	1.96
19	5	1983	5	19.075	13.52
20	5	1983	5	18.4611	28.06
21	5	1983	5	20.6722	26.27
22	5	1983	5	22.43055	0
23	5	1983	5	23.325	0.04
24	5	1983	5	22.8611	0.02
25	5	1983	5	22.9778	0
26	5	1983	5	23.47775	0.47
27	5	1983	5	23.3389	0.02
28	5	1983	5	23.4667	0.06
29	5	1983	5	24.06665	0.31
30	5	1983	5	23.7167	0.74
31	5	1983	5	19.44165	1.04
1	6	1983	6	18.6861	0.01
2	6	1983	6	22.41945	0
3	6	1983	6	25.6833	2.42
4	6	1983	6	26.16665	17.92
5	6	1983	6	23.88055	11.98
6	6	1983	6	20.84725	15.84
7	6	1983	6	18.1972	0.23
8	6	1983	6	20.68055	0
9	6	1983	6	22.35835	0
10	6	1983	6	22.98615	0
11	6	1983	6	24.0889	0.01
12	6	1983	6	24.65275	0.25
13	6	1983	6	25.11945	2.13
14	6	1983	6	25.6	13.28
15	6	1983	6	22.08885	7.65
16	6	1983	6	21.0778	7.75
17	6	1983	6	22.47225	0.23
18	6	1983	6	24.0861	0.54
19	6	1983	6	24.1889	0
20	6	1983	6	24.5722	0
21	6	1983	6	24.66945	0.05
22	6	1983	6	24.9611	0.49
23	6	1983	6	24.6361	3.13
24	6	1983	6	24.68055	8.24
25	6	1983	6	24.63055	20.82
26	6	1983	6	25.4472	0.31
27	6	1983	6	27.425	0.58
28	6	1983	6	26.7417	0.37
29	6	1983	6	27.6389	0.02
30	6	1983	6	28.075	0.09
1	7	1983	7	28.59165	0.19
2	7	1983	7	28.75555	0
3	7	1983	7	28.86945	0
4	7	1983	7	28.21945	0.98
5	7	1983	7	27.80275	2.17
6	7	1983	7	26.90555	3.34
7	7	1983	7	25.76945	0.01
8	7	1983	7	25.1389	0
9	7	1983	7	24.96665	0
10	7	1983	7	26.03055	0
11	7	1983	7	25.775	0
12	7	1983	7	24.8972	0.3
13	7	1983	7	24.03885	0.82
14	7	1983	7	24.0667	14.82
15	7	1983	7	23.62225	5.2
16	7	1983	7	24.9389	11.92
17	7	1983	7	26.07225	5.26
18	7	1983	7	25.85	4.16
19	7	1983	7	25.70835	0.94
20	7	1983	7	24.6861	0.04
21	7	1983	7	26.1722	0
22	7	1983	7	25.5111	0
23	7	1983	7	26.3167	0
24	7	1983	7	27.25835	0
25	7	1983	7	27.50555	0.02
26	7	1983	7	27.7639	0
27	7	1983	7	27.86115	0
28	7	1983	7	27.96945	0
29	7	1983	7	27.8417	0
30	7	1983	7	28.05	0
31	7	1983	7	26.69165	0
1	8	1983	8	27.21945	0
2	8	1983	8	27.6083	0
3	8	1983	8	27.3889	0.14
4	8	1983	8	26.7167	2.24
5	8	1983	8	26.3722	3.67
6	8	1983	8	25.9167	0.95
7	8	1983	8	26.92775	4.35
8	8	1983	8	26.20835	8.85
9	8	1983	8	25.48885	8.34
10	8	1983	8	26.95275	0.01
11	8	1983	8	28.03615	0.79
12	8	1983	8	27.725	9.95
13	8	1983	8	26.49165	0.21
14	8	1983	8	26.7972	0
15	8	1983	8	27.25555	0.13
16	8	1983	8	27.05835	0.18
17	8	1983	8	26.9111	0.26
18	8	1983	8	26.75	0
19	8	1983	8	26.6111	12.79
20	8	1983	8	27.11665	0.21
21	8	1983	8	28.01945	0.19
22	8	1983	8	27.65835	0
23	8	1983	8	28.1139	0
24	8	1983	8	27.71115	0
25	8	1983	8	27.6472	0.03
26	8	1983	8	27.05	0.02
27	8	1983	8	27.30555	0
28	8	1983	8	27.35555	0.36
29	8	1983	8	27.0806	0.01
30	8	1983	8	28.225	0
31	8	1983	8	28.625	0.13
1	9	1983	9	28.08335	0.05
2	9	1983	9	26.38335	0
3	9	1983	9	25.87775	0
4	9	1983	9	27.0583	0.24
5	9	1983	9	27.8167	0
6	9	1983	9	28.6722	0
7	9	1983	9	28.2528	0.61
8	9	1983	9	25.85	11.58
9	9	1983	9	24.58055	3.61
10	9	1983	9	25.5389	2.83
11	9	1983	9	25.58055	0.13
12	9	1983	9	25.89725	1.72
13	9	1983	9	25.85	3.92
14	9	1983	9	25.09165	0.2
15	9	1983	9	24.58335	0
16	9	1983	9	25.7139	0.42
17	9	1983	9	26.83615	0.12
18	9	1983	9	25.8	9.94
19	9	1983	9	25.4028	4.43
20	9	1983	9	25.2444	0.05
21	9	1983	9	17.6611	0.06
22	9	1983	9	14.2	0
23	9	1983	9	16.3361	0
24	9	1983	9	18.11385	0
25	9	1983	9	19.93335	0.05
26	9	1983	9	22.7083	0.25
27	9	1983	9	23.6917	0.37
28	9	1983	9	23.7639	0.3
29	9	1983	9	22.6722	0
30	9	1983	9	20.825	0
1	10	1983	10	21.32225	0
2	10	1983	10	22.92225	0
3	10	1983	10	24.13335	0
4	10	1983	10	25.26115	0
5	10	1983	10	25.4472	0
6	10	1983	10	25.05835	0.16
7	10	1983	10	24.8444	1.46
8	10	1983	10	24.2056	2.76
9	10	1983	10	19.85	37.16
10	10	1983	10	18.9361	0.85
11	10	1983	10	19.78885	4.3
12	10	1983	10	17.9361	0.8
13	10	1983	10	13.54445	0.27
14	10	1983	10	15.53335	0
15	10	1983	10	18.70835	0
16	10	1983	10	20.45275	0.06
17	10	1983	10	22.3972	1.08
18	10	1983	10	23.68055	0.8
19	10	1983	10	24.275	0.4
20	10	1983	10	23.2667	23.72
21	10	1983	10	17.7722	0.2
22	10	1983	10	16.725	0
23	10	1983	10	16.92225	0
24	10	1983	10	17.79445	0
25	10	1983	10	17.4361	0
26	10	1983	10	15.28335	0
27	10	1983	10	14.38335	0
28	10	1983	10	14.4028	0
29	10	1983	10	15.8139	0
30	10	1983	10	18.26945	0
31	10	1983	10	18.12775	0
1	11	1983	11	19.94165	0.2
2	11	1983	11	21.43335	0.55
3	11	1983	11	22.28615	3.57
4	11	1983	11	22	10.36
5	11	1983	11	19.6278	28
6	11	1983	11	19.60835	0.86
7	11	1983	11	19.29725	0
8	11	1983	11	18.8389	0.07
9	11	1983	11	18.23335	0.2
10	11	1983	11	10.7	0
11	11	1983	11	9.9222	0
12	11	1983	11	13.2278	0
13	11	1983	11	16.8889	0
14	11	1983	11	18.0472	0
15	11	1983	11	15.80555	0
16	11	1983	11	10.50835	0
17	11	1983	11	13.325	0
18	11	1983	11	18.175	0.12
19	11	1983	11	18.9222	0.39
20	11	1983	11	11.41945	0
21	11	1983	11	14.11665	0.5
22	11	1983	11	19.46385	11.73
23	11	1983	11	14.00555	0.18
24	11	1983	11	7.9889	0
25	11	1983	11	8.8111	0.91
26	11	1983	11	12.61665	0.84
27	11	1983	11	8.7639	6.19
28	11	1983	11	5.6222	0.28
29	11	1983	11	6.3472	0.18
30	11	1983	11	9.95	0.08
1	12	1983	12	8.52775	0.45
2	12	1983	12	9.13055	2.4
3	12	1983	12	14.18885	2.11
4	12	1983	12	12.39445	0.06
5	12	1983	12	14.31665	0.08
6	12	1983	12	8.48335	0
7	12	1983	12	5.7361	0
8	12	1983	12	8.99445	0
9	12	1983	12	12.29165	0
10	12	1983	12	17.2361	0.02
11	12	1983	12	16.51385	0
12	12	1983	12	10.60555	0
13	12	1983	12	9.88055	0
14	12	1983	12	9.1972	0.17
15	12	1983	12	6.7722	0.09
16	12	1983	12	5.15555	0.51
17	12	1983	12	3.2861	0.01
18	12	1983	12	1.4944	0.01
19	12	1983	12	-2.9139	0
20	12	1983	12	-2.0833	0.77
21	12	1983	12	-0.4861	0.09
22	12	1983	12	-5.9278	0.04
23	12	1983	12	-5.19445	0
24	12	1983	12	-7.05	0
25	12	1983	12	-8.75555	0
26	12	1983	12	-6.1472	0
27	12	1983	12	0.91945	0
28	12	1983	12	2.3083	0
29	12	1983	12	-4.71115	0
30	12	1983	12	-5.0611	0
31	12	1983	12	-1.7167	0
1	1	1984	1	4.4833	0.77
2	1	1984	1	8.3583	6.08
3	1	1984	1	6.49725	0.23
4	1	1984	1	10.8417	0.16
5	1	1984	1	12.28885	0.02
6	1	1984	1	14.04445	0
7	1	1984	1	13.175	1.77
8	1	1984	1	11.7139	29.04
9	1	1984	1	10.5861	1.54
10	1	1984	1	5.05555	0
11	1	1984	1	0.9083	0
12	1	1984	1	4.21385	0
13	1	1984	1	3.7028	0
14	1	1984	1	1.34445	0
15	1	1984	1	0.76665	0
16	1	1984	1	1.66665	0.01
17	1	1984	1	2.48055	0.03
18	1	1984	1	0.2	0.03
19	1	1984	1	-4.29445	0
20	1	1984	1	-3.6667	0.17
21	1	1984	1	-3.1028	0.2
22	1	1984	1	0.03885	3.71
23	1	1984	1	8.0972	0.26
24	1	1984	1	9.5028	0.06
25	1	1984	1	10.09445	0
26	1	1984	1	8.52225	0
27	1	1984	1	9.1139	0
28	1	1984	1	10.30835	0
29	1	1984	1	11.83055	0.02
30	1	1984	1	9.725	0.51
31	1	1984	1	6.20555	1.06
1	2	1984	2	7.3667	0.01
2	2	1984	2	10.9972	0.52
3	2	1984	2	9.675	0
4	2	1984	2	9.0472	0
5	2	1984	2	8.6333	0
6	2	1984	2	5.94725	0
7	2	1984	2	6.14445	0.08
8	2	1984	2	6.82775	0.19
9	2	1984	2	13.86115	0.98
10	2	1984	2	16.5333	0.61
11	2	1984	2	17.3111	0.46
12	2	1984	2	13.3833	3.89
13	2	1984	2	10.79445	0
14	2	1984	2	12.86385	0
15	2	1984	2	15.4778	0
16	2	1984	2	12.3361	0.01
17	2	1984	2	13.225	0
18	2	1984	2	15.1639	0.36
19	2	1984	2	10.33055	0.04
20	2	1984	2	6.7528	0.92
21	2	1984	2	4.8	0
22	2	1984	2	8.20275	0
23	2	1984	2	10.91665	0
24	2	1984	2	11.33335	0.13
25	2	1984	2	11.74165	0.02
26	2	1984	2	14.00555	1.41
27	2	1984	2	9.2972	0
28	2	1984	2	5.3	0
29	2	1984	2	3.82225	0
1	3	1984	3	7.925	0
2	3	1984	3	14.82775	0
3	3	1984	3	17.6583	0.47
4	3	1984	3	18.5528	0.83
5	3	1984	3	7.8722	4.28
6	3	1984	3	6.2139	0
7	3	1984	3	7.5389	0
8	3	1984	3	11.275	0
9	3	1984	3	14.0361	0.04
10	3	1984	3	14.4778	0.22
11	3	1984	3	14.5639	1.93
12	3	1984	3	17.20835	1.42
13	3	1984	3	17.3639	0
14	3	1984	3	18.2889	0.03
15	3	1984	3	21.28615	0.1
16	3	1984	3	22.35	0.05
17	3	1984	3	21.3833	0.17
18	3	1984	3	22.35	2.42
19	3	1984	3	13.96945	0.06
20	3	1984	3	11.925	0
21	3	1984	3	13.3111	0
22	3	1984	3	15.9639	0.19
23	3	1984	3	18.6111	1.08
24	3	1984	3	14.84725	0.2
25	3	1984	3	14.59445	0
26	3	1984	3	18.62775	0
27	3	1984	3	22.1861	0.03
28	3	1984	3	15.90555	0
29	3	1984	3	11.24165	0
30	3	1984	3	13.9778	0
31	3	1984	3	17.2639	0.03
1	4	1984	4	17.4389	0.11
2	4	1984	4	18.2861	0.25
3	4	1984	4	15.3889	0.16
4	4	1984	4	14.7667	0
5	4	1984	4	12.26945	0.01
6	4	1984	4	14.0528	0.08
7	4	1984	4	16.4667	3.68
8	4	1984	4	17.7861	0.05
9	4	1984	4	18.20555	0
10	4	1984	4	19.6417	0
11	4	1984	4	18.41115	0
12	4	1984	4	19.8	0.06
13	4	1984	4	17.7583	0
14	4	1984	4	18.9111	0
15	4	1984	4	14.61665	0
16	4	1984	4	14.2222	0
17	4	1984	4	14.5889	0
18	4	1984	4	19.125	0
19	4	1984	4	23.14445	0
20	4	1984	4	25.73055	0
21	4	1984	4	23.7722	0
22	4	1984	4	19.4472	0
23	4	1984	4	17.225	0
24	4	1984	4	20.00555	0.01
25	4	1984	4	22.2889	0
26	4	1984	4	24.5667	2.64
27	4	1984	4	23.13335	0.02
28	4	1984	4	22.1722	0
29	4	1984	4	24.1611	0
30	4	1984	4	19.43615	0
1	5	1984	5	20.13055	1.59
2	5	1984	5	23.6389	0.08
3	5	1984	5	23.1889	0
4	5	1984	5	24.1639	0
5	5	1984	5	26.6889	0
6	5	1984	5	28.46665	0.1
7	5	1984	5	29.01945	0.31
8	5	1984	5	21.0389	0.02
9	5	1984	5	15.5194	0
10	5	1984	5	18.7	0
11	5	1984	5	22.23335	0
12	5	1984	5	24.4139	0
13	5	1984	5	24.89725	0
14	5	1984	5	24.1889	0.03
15	5	1984	5	22.0361	0.03
16	5	1984	5	21.325	1.75
17	5	1984	5	20.5	10.99
18	5	1984	5	20.58055	5.6
19	5	1984	5	22.2389	29.91
20	5	1984	5	23.2056	0.8
21	5	1984	5	24.1389	0
22	5	1984	5	25.53885	0
23	5	1984	5	26.8111	0
24	5	1984	5	25.7861	0
25	5	1984	5	25.45	0
26	5	1984	5	25.8917	0
27	5	1984	5	26.5778	0.92
28	5	1984	5	25.63335	16.04
29	5	1984	5	20.65555	0.05
30	5	1984	5	17.55835	0
31	5	1984	5	18.10835	0
1	6	1984	6	20.0778	0
2	6	1984	6	21.88615	0
3	6	1984	6	22.97225	0.43
4	6	1984	6	24.06665	3.61
5	6	1984	6	24.25555	9.99
6	6	1984	6	24.375	11.33
7	6	1984	6	25.725	0
8	6	1984	6	26.9028	0
9	6	1984	6	27.2139	0
10	6	1984	6	26.45835	0
11	6	1984	6	25.8361	0.04
12	6	1984	6	25.975	1.41
13	6	1984	6	25.7611	0.09
14	6	1984	6	25.75555	0.53
15	6	1984	6	25.58335	0
16	6	1984	6	25.91115	0
17	6	1984	6	26.16665	0
18	6	1984	6	26.71665	0.01
19	6	1984	6	26.84725	0.14
20	6	1984	6	27.3361	0.04
21	6	1984	6	27.8611	0.01
22	6	1984	6	27.9972	0
23	6	1984	6	28.11665	0
24	6	1984	6	28.3333	0.06
25	6	1984	6	29.11665	0.1
26	6	1984	6	29.4028	0.28
27	6	1984	6	28.93335	2.36
28	6	1984	6	26.8833	8.41
29	6	1984	6	26.34165	0.28
30	6	1984	6	28.16945	0.09
1	7	1984	7	27.72775	0.02
2	7	1984	7	27.43335	0.04
3	7	1984	7	27.25275	0
4	7	1984	7	27.95275	0
5	7	1984	7	28.0389	0
6	7	1984	7	28.4861	0
7	7	1984	7	28.40555	0
8	7	1984	7	28.0583	0
9	7	1984	7	28.5389	0.02
10	7	1984	7	28.6917	0
11	7	1984	7	28.58335	0
12	7	1984	7	27.7389	0
13	7	1984	7	27.43335	0
14	7	1984	7	27.79445	0
15	7	1984	7	27.825	0
16	7	1984	7	28.41945	0
17	7	1984	7	28.8639	0.18
18	7	1984	7	28.74445	6.06
19	7	1984	7	28.0361	7.06
20	7	1984	7	27.3167	0.03
21	7	1984	7	27.1778	0.27
22	7	1984	7	27.2667	0
23	7	1984	7	27.96115	0.07
24	7	1984	7	24.6361	15.51
25	7	1984	7	23.43615	2.04
26	7	1984	7	25.5861	1.07
27	7	1984	7	26.35555	4.02
28	7	1984	7	25.50555	1.21
29	7	1984	7	25.4472	0.01
30	7	1984	7	23.6	0.02
31	7	1984	7	22.7667	0
1	8	1984	8	24.6139	0.03
2	8	1984	8	25.95555	0.06
3	8	1984	8	26.9417	0.03
4	8	1984	8	27.4	0.1
5	8	1984	8	27.77225	0.07
6	8	1984	8	27.9222	0.02
7	8	1984	8	27.8889	0.14
8	8	1984	8	28.1889	0.47
9	8	1984	8	27.76665	0.16
10	8	1984	8	28.1	0.1
11	8	1984	8	27.76665	0.19
12	8	1984	8	27.6889	0.76
13	8	1984	8	26.52775	4.15
14	8	1984	8	25.5028	4.12
15	8	1984	8	25.94445	1.67
16	8	1984	8	25.01665	0
17	8	1984	8	25.94445	0
18	8	1984	8	27.2444	0
19	8	1984	8	28.51665	0
20	8	1984	8	29.6361	0.15
21	8	1984	8	29.26945	0.02
22	8	1984	8	28.4278	0.12
23	8	1984	8	27.93055	0
24	8	1984	8	27.9056	0.71
25	8	1984	8	27.87225	1.99
26	8	1984	8	26.575	0
27	8	1984	8	27.68615	0.11
28	8	1984	8	28.78615	0.01
29	8	1984	8	28.9389	0.16
30	8	1984	8	28.4	3.17
31	8	1984	8	26.4389	1.52
1	9	1984	9	26.1917	2.66
2	9	1984	9	26.5583	0.18
3	9	1984	9	25.9083	6.87
4	9	1984	9	23.8528	0.05
5	9	1984	9	21.5139	0
6	9	1984	9	21.63055	0
7	9	1984	9	22.5472	0.03
8	9	1984	9	24.3111	0.12
9	9	1984	9	27.56665	0
10	9	1984	9	27.85555	0
11	9	1984	9	27.29165	0
12	9	1984	9	27.2083	0
13	9	1984	9	25.89445	0
14	9	1984	9	25.8333	0.04
15	9	1984	9	25.2722	0.05
16	9	1984	9	23.35275	0.04
17	9	1984	9	21.175	0
18	9	1984	9	21.89445	0
19	9	1984	9	21.8722	0.44
20	9	1984	9	21.23055	4.81
21	9	1984	9	20.47225	5.42
22	9	1984	9	22.96945	0
23	9	1984	9	25.5333	0.06
24	9	1984	9	26.49725	0.35
25	9	1984	9	26.7472	0.12
26	9	1984	9	20.4972	0
27	9	1984	9	18.5611	0.2
28	9	1984	9	17.34165	1.74
29	9	1984	9	13.08055	1.82
30	9	1984	9	12.9889	0.02
1	10	1984	10	13.93615	0
2	10	1984	10	15.29445	0
3	10	1984	10	18.41945	0.18
4	10	1984	10	20.0361	0.52
5	10	1984	10	22.83335	0.67
6	10	1984	10	25.1	1.85
7	10	1984	10	23.20275	26.71
8	10	1984	10	22.39165	0.52
9	10	1984	10	21.8972	4
10	10	1984	10	21.8889	7.72
11	10	1984	10	20.175	21.12
12	10	1984	10	21.4833	3.88
13	10	1984	10	21.69165	11.16
14	10	1984	10	19.95835	7.45
15	10	1984	10	21.29165	1.27
16	10	1984	10	23.48055	0
17	10	1984	10	20.17775	0.04
18	10	1984	10	21.4028	0.42
19	10	1984	10	20.61665	1.9
20	10	1984	10	21.41945	22.07
21	10	1984	10	18.4028	17.82
22	10	1984	10	12.69165	9.99
23	10	1984	10	11.2528	5.15
24	10	1984	10	11.68055	10.64
25	10	1984	10	12.84165	18.91
26	10	1984	10	17.1611	18
27	10	1984	10	18.26945	15.96
28	10	1984	10	19.5194	1.57
29	10	1984	10	21.9028	0.29
30	10	1984	10	20.81385	0.96
31	10	1984	10	21.86945	4.88
1	11	1984	11	22.90555	0.14
2	11	1984	11	13.73335	0
3	11	1984	11	13.35555	0
4	11	1984	11	16.6222	0
5	11	1984	11	14.0639	0
6	11	1984	11	11.85	0
7	11	1984	11	14.90835	0
8	11	1984	11	20.5083	0.09
9	11	1984	11	22.05835	0
10	11	1984	11	16.7361	0
11	11	1984	11	9.31945	0
12	11	1984	11	11.14165	0.25
13	11	1984	11	12.39445	0
14	11	1984	11	16.00555	0
15	11	1984	11	19.87775	0.38
16	11	1984	11	16.54725	0.22
17	11	1984	11	13.81385	7.83
18	11	1984	11	13.51665	8.27
19	11	1984	11	8.03055	0.02
20	11	1984	11	5.8028	1.55
21	11	1984	11	5.6778	0.03
22	11	1984	11	4.67775	0
23	11	1984	11	5.9139	0.53
24	11	1984	11	7.60835	23.99
25	11	1984	11	10.5833	0.4
26	11	1984	11	13.37225	0.32
27	11	1984	11	9.7639	0.02
28	11	1984	11	5.45835	0
29	11	1984	11	9.2139	0
30	11	1984	11	12.0139	0
1	12	1984	12	11.3167	0
2	12	1984	12	12.52775	0.03
3	12	1984	12	8.5	3.65
4	12	1984	12	5.60555	5.31
5	12	1984	12	5.1972	3.05
6	12	1984	12	5.7111	0.03
7	12	1984	12	4.1917	0
8	12	1984	12	7.66945	0.02
9	12	1984	12	13.50275	0
10	12	1984	12	15.09445	0
11	12	1984	12	15.43335	0.39
12	12	1984	12	15.62775	0.32
13	12	1984	12	16.66945	14.88
14	12	1984	12	15.525	1.01
15	12	1984	12	15.65	25.89
16	12	1984	12	12.78335	0.59
17	12	1984	12	14.06665	3.06
18	12	1984	12	16.3278	0.27
19	12	1984	12	17.4389	0.37
20	12	1984	12	18.3639	0.45
21	12	1984	12	19.5	0
22	12	1984	12	13.38055	0
23	12	1984	12	13.3389	0.06
24	12	1984	12	16.1722	0
25	12	1984	12	8.275	0.14
26	12	1984	12	8.03055	3.19
27	12	1984	12	12.92225	3.23
28	12	1984	12	17.8111	1.61
29	12	1984	12	19.55835	2.92
30	12	1984	12	19.2	34.96
31	12	1984	12	16.1778	18.82
1	1	1985	1	7.0361	1.33
2	1	1985	1	-2	4.05
3	1	1985	1	-0.6639	1.35
4	1	1985	1	3.4361	0.28
5	1	1985	1	5.72225	0.32
6	1	1985	1	6.35275	0.05
7	1	1985	1	7.5278	0
8	1	1985	1	6.5722	0
9	1	1985	1	8.8361	0
10	1	1985	1	8.19725	0.19
11	1	1985	1	4.0417	3.49
12	1	1985	1	-3.31115	10.99
13	1	1985	1	-4.13055	6.21
14	1	1985	1	0.3	6.25
15	1	1985	1	2.91665	0.67
16	1	1985	1	4.7056	4.7
17	1	1985	1	5.63335	0.05
18	1	1985	1	7.64445	0
19	1	1985	1	9.84445	0
20	1	1985	1	-0.05835	0
21	1	1985	1	-4.15	0
22	1	1985	1	-2.2861	0
23	1	1985	1	-0.0611	0
24	1	1985	1	7.71665	0.3
25	1	1985	1	12.6556	0.11
26	1	1985	1	9.4361	1.32
27	1	1985	1	10.6778	0.65
28	1	1985	1	8.69725	0
29	1	1985	1	8.2611	0.03
30	1	1985	1	12.50555	0.03
31	1	1985	1	1.9583	0.1
1	2	1985	2	-8.3861	2.49
2	2	1985	2	-8.5333	1.12
3	2	1985	2	-6.0361	0.56
4	2	1985	2	-1.03335	1.06
5	2	1985	2	4.04165	0.12
6	2	1985	2	6.51115	0.06
7	2	1985	2	6.49445	0
8	2	1985	2	4.42225	0
9	2	1985	2	8.83055	0.09
10	2	1985	2	13.64445	1.7
11	2	1985	2	7.22225	0.24
12	2	1985	2	4.51945	0
13	2	1985	2	7.50835	0.38
14	2	1985	2	9.1778	1.13
15	2	1985	2	8.37775	0
16	2	1985	2	10.4611	0.02
17	2	1985	2	11.85835	0.01
18	2	1985	2	12.8	0.12
19	2	1985	2	14.8222	0.34
20	2	1985	2	15.69445	1.65
21	2	1985	2	16.625	3.88
22	2	1985	2	18.51945	15.11
23	2	1985	2	15.73615	32.05
24	2	1985	2	11.8972	0
25	2	1985	2	9.95	0
26	2	1985	2	11.7278	0.02
27	2	1985	2	10.875	0.82
28	2	1985	2	9.7722	14.92
1	3	1985	3	14.225	0
2	3	1985	3	17.175	0.01
3	3	1985	3	17.58335	0
4	3	1985	3	15.9	0.99
5	3	1985	3	11.21665	0.07
6	3	1985	3	12.7361	0.83
7	3	1985	3	16.31665	1.33
8	3	1985	3	19.22775	0.09
9	3	1985	3	19.31665	0.04
10	3	1985	3	19.375	0.07
11	3	1985	3	21.6111	0.22
12	3	1985	3	20.33335	2.79
13	3	1985	3	19	10.73
14	3	1985	3	13.45	12.85
15	3	1985	3	10.3667	4.65
16	3	1985	3	9.9861	0.15
17	3	1985	3	9.8528	0
18	3	1985	3	11.4528	0.76
19	3	1985	3	13.23615	3.21
20	3	1985	3	14.3861	9.11
21	3	1985	3	13.9389	0.02
22	3	1985	3	11.3722	0
23	3	1985	3	14.5611	0
24	3	1985	3	14.72775	0.56
25	3	1985	3	17.7361	1.06
26	3	1985	3	18.8528	5.73
27	3	1985	3	20.5278	0.61
28	3	1985	3	22.475	0.01
29	3	1985	3	22.0611	0.16
30	3	1985	3	15.25555	2.17
31	3	1985	3	10.4583	0.01
1	4	1985	4	13.0333	0.36
2	4	1985	4	13.7639	0.27
3	4	1985	4	16.8778	0
4	4	1985	4	19.2222	0
5	4	1985	4	18.25	0
6	4	1985	4	16.45835	0.04
7	4	1985	4	17.49445	0.59
8	4	1985	4	13.40555	3.07
9	4	1985	4	13.18335	0.12
10	4	1985	4	14.34725	5.88
11	4	1985	4	15.94165	0.13
12	4	1985	4	18.225	0.79
13	4	1985	4	19.8333	8.27
14	4	1985	4	18.5361	0.12
15	4	1985	4	20.37775	0
16	4	1985	4	21.1306	0
17	4	1985	4	21.01945	0
18	4	1985	4	20.46115	0
19	4	1985	4	20.86665	0.18
20	4	1985	4	22.5667	0.5
21	4	1985	4	20.90555	4.8
22	4	1985	4	23.39445	1.95
23	4	1985	4	23.23055	0.14
24	4	1985	4	18.4389	0.35
25	4	1985	4	19.4667	2.14
26	4	1985	4	20.4389	0.02
27	4	1985	4	22.7472	0
28	4	1985	4	23.7583	1.13
29	4	1985	4	22.91665	14.08
30	4	1985	4	23.25	14.72
1	5	1985	5	21.9972	1.19
2	5	1985	5	20.7722	0
3	5	1985	5	18.89165	0
4	5	1985	5	18.71945	0
5	5	1985	5	19.86115	0
6	5	1985	5	21.5972	0
7	5	1985	5	23.31945	0.02
8	5	1985	5	24.9389	3.69
9	5	1985	5	23.64445	0.52
10	5	1985	5	24.05555	0
11	5	1985	5	25.01665	0
12	5	1985	5	24.4861	0.11
13	5	1985	5	25.19725	2.93
14	5	1985	5	21.60555	3.28
15	5	1985	5	21.0972	1.36
16	5	1985	5	23.68055	18.25
17	5	1985	5	22.54165	30.7
18	5	1985	5	20.56945	1.98
19	5	1985	5	19.725	0.49
20	5	1985	5	22.4	1.21
21	5	1985	5	22.1222	5.4
22	5	1985	5	22.01665	3.56
23	5	1985	5	22.6278	0.18
24	5	1985	5	21.7722	7.18
25	5	1985	5	22.0972	0.26
26	5	1985	5	23.95835	0
27	5	1985	5	25.24725	0
28	5	1985	5	26.60555	0
29	5	1985	5	27.28055	0
30	5	1985	5	26.9528	0
31	5	1985	5	27.025	0
1	6	1985	6	27.4056	0
2	6	1985	6	26.59165	0
3	6	1985	6	27.00835	0
4	6	1985	6	27.18055	1.78
5	6	1985	6	25.69445	28.91
6	6	1985	6	24.1111	33.02
7	6	1985	6	25.6278	0.4
8	6	1985	6	26.6278	0
9	6	1985	6	26.65	0
10	6	1985	6	26.6222	0
11	6	1985	6	26.425	0.47
12	6	1985	6	24.16385	1.41
13	6	1985	6	21.88885	0.1
14	6	1985	6	23.00835	0
15	6	1985	6	25.13055	0
16	6	1985	6	25.7361	0.99
17	6	1985	6	27.025	0.52
18	6	1985	6	26.64445	17.62
19	6	1985	6	23.9972	0.11
20	6	1985	6	22.9778	0.01
21	6	1985	6	24.59445	2.01
22	6	1985	6	24.45835	24.49
23	6	1985	6	25.79165	2.36
24	6	1985	6	25.61385	3.29
25	6	1985	6	25.86945	4.3
26	6	1985	6	25.9639	0.29
27	6	1985	6	24.77225	1.94
28	6	1985	6	23.01665	0
29	6	1985	6	20.84165	0
30	6	1985	6	22.01115	0
1	7	1985	7	23.5639	2.26
2	7	1985	7	25.1833	2.26
3	7	1985	7	24.19445	13.78
4	7	1985	7	21.9611	1.02
5	7	1985	7	24.0222	1.07
6	7	1985	7	25.2111	7.62
7	7	1985	7	25.2861	2.3
8	7	1985	7	24.9222	0.84
9	7	1985	7	25.8389	0
10	7	1985	7	27.1917	0.02
11	7	1985	7	26.475	0.9
12	7	1985	7	25.0472	32.78
13	7	1985	7	25.48885	0
14	7	1985	7	26.23615	0
15	7	1985	7	26.39725	0
16	7	1985	7	26.7	0
17	7	1985	7	26.87775	0
18	7	1985	7	26.9639	0.11
19	7	1985	7	26.50835	0.75
20	7	1985	7	26.42775	0.47
21	7	1985	7	26.9778	0.51
22	7	1985	7	27.6611	0.26
23	7	1985	7	27.44445	0.4
24	7	1985	7	27.41665	0.33
25	7	1985	7	28.0111	0.04
26	7	1985	7	28.11385	0
27	7	1985	7	27.16665	0
28	7	1985	7	27.3889	0
29	7	1985	7	27.7528	0
30	7	1985	7	27.9972	0
31	7	1985	7	28.35	0
1	8	1985	8	28.17225	0
2	8	1985	8	27.6028	0
3	8	1985	8	27.6389	0
4	8	1985	8	27.7139	0
5	8	1985	8	28.2333	0
6	8	1985	8	28.7361	0
7	8	1985	8	28.8389	0
8	8	1985	8	28.92775	0
9	8	1985	8	28.99725	0
10	8	1985	8	28.3083	0
11	8	1985	8	27.90835	0
12	8	1985	8	28.13335	0.02
13	8	1985	8	28.30275	0.11
14	8	1985	8	27.95	0.07
15	8	1985	8	27.0917	0.24
16	8	1985	8	28.2278	0.06
17	8	1985	8	28.75555	0
18	8	1985	8	29.20835	0
19	8	1985	8	29.2417	0
20	8	1985	8	28.74445	0
21	8	1985	8	28.4639	0
22	8	1985	8	28.65555	0
23	8	1985	8	28.75	0
24	8	1985	8	28.8333	7.46
25	8	1985	8	27.2778	0.08
26	8	1985	8	27.28335	0.09
27	8	1985	8	27.3139	0.07
28	8	1985	8	25.20555	0
29	8	1985	8	24.93335	0.24
30	8	1985	8	25.52775	0.03
31	8	1985	8	27.0389	0
1	9	1985	9	27.7889	0
2	9	1985	9	28.825	0
3	9	1985	9	29.55555	0
4	9	1985	9	28.53335	3.57
5	9	1985	9	28.3	20.7
6	9	1985	9	26.46945	13.28
7	9	1985	9	27.28335	0.04
8	9	1985	9	27.26945	0
9	9	1985	9	26.78055	0.06
10	9	1985	9	26.72775	3.51
11	9	1985	9	24.59165	7.27
12	9	1985	9	24.61115	2.95
13	9	1985	9	23.9361	8.32
14	9	1985	9	24.5639	0.89
15	9	1985	9	23.11665	0.01
16	9	1985	9	23.2139	0.01
17	9	1985	9	23.5028	0.78
18	9	1985	9	24.4472	3.82
19	9	1985	9	25.3667	0.36
20	9	1985	9	25.40275	0.06
21	9	1985	9	22.9778	0
22	9	1985	9	23.80275	0
23	9	1985	9	24.70555	0
24	9	1985	9	21.96665	0.06
25	9	1985	9	23.78055	2.49
26	9	1985	9	20.65555	0
27	9	1985	9	18.26665	2.16
28	9	1985	9	19.4611	18.97
29	9	1985	9	18.68885	43.32
30	9	1985	9	13.08055	0.18
1	10	1985	10	12.38615	0.03
2	10	1985	10	14.38055	0
3	10	1985	10	16.87225	0
4	10	1985	10	17.9333	0
5	10	1985	10	16.1	0
6	10	1985	10	14.7	0.02
7	10	1985	10	16.58055	0.28
8	10	1985	10	21.19165	0.23
9	10	1985	10	23.78055	1.29
10	10	1985	10	24.7361	0.17
11	10	1985	10	24.79725	0.05
12	10	1985	10	24.59725	0
13	10	1985	10	25.05835	2.01
14	10	1985	10	24.68055	17.46
15	10	1985	10	19.59725	11.27
16	10	1985	10	18.03335	3.28
17	10	1985	10	20.4083	9.64
18	10	1985	10	23.19725	13.54
19	10	1985	10	20.88055	76.92
20	10	1985	10	18.45275	2.52
21	10	1985	10	18.14445	8.76
22	10	1985	10	19.9278	0.09
23	10	1985	10	21.24725	0.03
24	10	1985	10	22.04165	0
25	10	1985	10	21.725	0.03
26	10	1985	10	20.875	0
27	10	1985	10	18.1417	0
28	10	1985	10	17.4917	0
29	10	1985	10	17.50555	0
30	10	1985	10	16.7028	0
31	10	1985	10	15.2889	1.65
1	11	1985	11	13.34445	14.05
2	11	1985	11	12.4861	3.09
3	11	1985	11	10.65	0.04
4	11	1985	11	12.3639	0
5	11	1985	11	12.72775	0
6	11	1985	11	15.0389	0
7	11	1985	11	14.625	0
8	11	1985	11	15.2167	0.01
9	11	1985	11	18.5583	0
10	11	1985	11	20.41945	2.39
11	11	1985	11	18.025	5.96
12	11	1985	11	19.00275	0.57
13	11	1985	11	22.36665	0.03
14	11	1985	11	21.84445	0.04
15	11	1985	11	15.99165	4.48
16	11	1985	11	10.86385	2.45
17	11	1985	11	14.1722	0.35
18	11	1985	11	18.6167	0.33
19	11	1985	11	21.0083	1.89
20	11	1985	11	9.1806	2.78
21	11	1985	11	7.7	0.04
22	11	1985	11	10.75	0.17
23	11	1985	11	15.575	0.58
24	11	1985	11	17.9389	8.08
25	11	1985	11	19.9528	1.73
26	11	1985	11	20.9917	14.45
27	11	1985	11	16.4389	14.65
28	11	1985	11	11.81385	0.13
29	11	1985	11	10.5083	0.32
30	11	1985	11	14.1389	0.22
1	12	1985	12	8.51115	0
2	12	1985	12	1.7639	0
3	12	1985	12	2.0389	0
4	12	1985	12	9.2944	0.03
5	12	1985	12	10.8528	0
6	12	1985	12	7.575	0
7	12	1985	12	9.6	0
8	12	1985	12	11.86665	0
9	12	1985	12	15.14445	1.73
10	12	1985	12	18.1722	18.66
11	12	1985	12	5.78615	8.7
12	12	1985	12	0.15555	0.14
13	12	1985	12	-0.25835	0.02
14	12	1985	12	-1.04445	0
15	12	1985	12	1.60275	0
16	12	1985	12	4.68335	0
17	12	1985	12	6.2639	0
18	12	1985	12	6.79165	0
19	12	1985	12	4.1583	0
20	12	1985	12	5.5111	0
21	12	1985	12	7.79725	0
22	12	1985	12	11.2889	0
23	12	1985	12	10.76665	0
24	12	1985	12	9.2889	0
25	12	1985	12	3.8	0
26	12	1985	12	3.3389	0
27	12	1985	12	7.7611	0
28	12	1985	12	10.2833	0.02
29	12	1985	12	8.45	0.01
30	12	1985	12	10.31665	0.03
31	12	1985	12	11.28055	0.03
1	1	1986	1	6.5389	1.57
2	1	1986	1	8.48055	0
3	1	1986	1	9.99445	0
4	1	1986	1	10.4667	0
5	1	1986	1	5.84445	0
6	1	1986	1	6.39165	0.14
7	1	1986	1	5.30835	7.19
8	1	1986	1	0.6	5.77
9	1	1986	1	1.08055	3.64
10	1	1986	1	4.6139	0.08
11	1	1986	1	6.85555	0
12	1	1986	1	8.70555	0
13	1	1986	1	8.7778	0
14	1	1986	1	8.1944	0.25
15	1	1986	1	9.7028	0.39
16	1	1986	1	11.13055	1.71
17	1	1986	1	14.63335	0.31
18	1	1986	1	14.26945	0
19	1	1986	1	12.85	0
20	1	1986	1	13.66945	0
21	1	1986	1	14.9944	0
22	1	1986	1	11.90555	0
23	1	1986	1	10.6111	0
24	1	1986	1	13.04445	0
25	1	1986	1	11.35555	0
26	1	1986	1	7.3861	0
27	1	1986	1	4.8639	0
28	1	1986	1	8.2861	0
29	1	1986	1	11.48335	0
30	1	1986	1	11.62775	0
31	1	1986	1	12.975	0.06
1	2	1986	2	17.6778	0.4
2	2	1986	2	18.3722	3.57
3	2	1986	2	17.3861	25.16
4	2	1986	2	16.43055	15.18
5	2	1986	2	12.79445	0.26
6	2	1986	2	10.2417	0.25
7	2	1986	2	9.76945	0.03
8	2	1986	2	5.09445	0.01
9	2	1986	2	1.73055	0.88
10	2	1986	2	0.3139	0.01
11	2	1986	2	-0.36665	0
12	2	1986	2	0.70555	0.27
13	2	1986	2	3.53055	0
14	2	1986	2	10.3333	0.03
15	2	1986	2	11.0889	0
16	2	1986	2	14.86385	0
17	2	1986	2	18.40555	0
18	2	1986	2	18.13055	0
19	2	1986	2	20.30555	0
20	2	1986	2	20.7028	0
21	2	1986	2	11.48055	0
22	2	1986	2	9.05275	0
23	2	1986	2	9.97225	0.27
24	2	1986	2	12.5972	0
25	2	1986	2	15.43055	0
26	2	1986	2	18.1889	0
27	2	1986	2	16.5778	0
28	2	1986	2	11.6611	0
1	3	1986	3	8.81385	0
2	3	1986	3	13.01115	0.52
3	3	1986	3	16.4278	2.68
4	3	1986	3	13.20835	0
5	3	1986	3	12.6	0
6	3	1986	3	13.76115	0.01
7	3	1986	3	13.29165	0
8	3	1986	3	16.6111	0.41
9	3	1986	3	19.5278	0
10	3	1986	3	20.76945	0.3
11	3	1986	3	19.5389	2.73
12	3	1986	3	15.2028	0.06
13	3	1986	3	13.23055	0.66
14	3	1986	3	11.8611	0.02
15	3	1986	3	14.0972	0.66
16	3	1986	3	13.5833	0.04
17	3	1986	3	15.83615	0.03
18	3	1986	3	17.175	2.49
19	3	1986	3	12.78335	0
20	3	1986	3	8.99165	0
21	3	1986	3	9.41385	0
22	3	1986	3	11.39165	0
23	3	1986	3	13.26945	0
24	3	1986	3	15.2778	0
25	3	1986	3	16.51945	0
26	3	1986	3	17.98885	0
27	3	1986	3	16.7972	0.25
28	3	1986	3	18.025	0
29	3	1986	3	17.54165	0.12
30	3	1986	3	18.88055	0.01
31	3	1986	3	19.26665	0
1	4	1986	4	19.8	0.04
2	4	1986	4	20.75835	0.24
3	4	1986	4	20.73335	1.4
4	4	1986	4	21.25	1.97
5	4	1986	4	22.4889	0.01
6	4	1986	4	22.3861	0.57
7	4	1986	4	23.1528	0.1
8	4	1986	4	24.2167	6.35
9	4	1986	4	19.36945	9.73
10	4	1986	4	11.93335	0.79
11	4	1986	4	16.0861	0.36
12	4	1986	4	21.34445	0.05
13	4	1986	4	23.00275	0
14	4	1986	4	22.19165	0
15	4	1986	4	16.4278	0
16	4	1986	4	16.7639	0
17	4	1986	4	17.9806	0.32
18	4	1986	4	20.55	0.45
19	4	1986	4	23.4611	0.22
20	4	1986	4	18.0028	0
21	4	1986	4	17.75555	0
22	4	1986	4	18.1778	0
23	4	1986	4	19.575	0
24	4	1986	4	21.33335	0
25	4	1986	4	21.3111	0.01
26	4	1986	4	22.75555	0
27	4	1986	4	23.44165	0.34
28	4	1986	4	22.29165	1.06
29	4	1986	4	22.4056	4.05
30	4	1986	4	22.9333	4.68
1	5	1986	5	22.1833	5.42
2	5	1986	5	20.44725	0.98
3	5	1986	5	18.73055	0.01
4	5	1986	5	18.65835	0.16
5	5	1986	5	21.4778	0.47
6	5	1986	5	24.32225	0
7	5	1986	5	23.7861	0.05
8	5	1986	5	23.09445	9.13
9	5	1986	5	22.1222	46.98
10	5	1986	5	21.24725	10.22
11	5	1986	5	22.2028	0
12	5	1986	5	22.76115	0
13	5	1986	5	23.0889	1.32
14	5	1986	5	22.99725	5.88
15	5	1986	5	20.9139	1.96
16	5	1986	5	21.26945	0.7
17	5	1986	5	22.15555	6.06
18	5	1986	5	15.83335	0.01
19	5	1986	5	16.60835	0
20	5	1986	5	18.21665	0
21	5	1986	5	20.8028	0
22	5	1986	5	22.78335	0
23	5	1986	5	24.08055	0
24	5	1986	5	24.8722	1.04
25	5	1986	5	23.69445	4.37
26	5	1986	5	22.06115	28.9
27	5	1986	5	20.38885	16.97
28	5	1986	5	20.1417	0.76
29	5	1986	5	21.28055	1.7
30	5	1986	5	22.1611	14.85
31	5	1986	5	22.71945	18.47
1	6	1986	6	22.85835	0.32
2	6	1986	6	23.2722	17.02
3	6	1986	6	23.0639	3.72
4	6	1986	6	23.4528	9.13
5	6	1986	6	24.80555	0.52
6	6	1986	6	26.1139	22.58
7	6	1986	6	25.08055	2.9
8	6	1986	6	25.4444	2.22
9	6	1986	6	25.8639	0.79
10	6	1986	6	27.03055	0.09
11	6	1986	6	25.9139	12.01
12	6	1986	6	24.46945	8.24
13	6	1986	6	23.6139	0
14	6	1986	6	24.9833	0
15	6	1986	6	26.0389	1.34
16	6	1986	6	26.3972	7.78
17	6	1986	6	23.8167	7.1
18	6	1986	6	23.90555	11.76
19	6	1986	6	24.5472	4.11
20	6	1986	6	25.4389	0.06
21	6	1986	6	25.68615	0.02
22	6	1986	6	26.0361	0.29
23	6	1986	6	25.31665	0.96
24	6	1986	6	25.11945	1.19
25	6	1986	6	25.0278	0
26	6	1986	6	25.4333	0.36
27	6	1986	6	26.43055	0
28	6	1986	6	27.15275	0
29	6	1986	6	27.43055	0
30	6	1986	6	27.1222	0
1	7	1986	7	27.3361	0
2	7	1986	7	27.76665	0
3	7	1986	7	27.9111	0
4	7	1986	7	27.4028	0
5	7	1986	7	27.43055	0
6	7	1986	7	26.8	0
7	7	1986	7	26.5139	0.03
8	7	1986	7	24.4861	0
9	7	1986	7	25.81945	0
10	7	1986	7	26.7	0
11	7	1986	7	27.3722	0
12	7	1986	7	27.73055	0.1
13	7	1986	7	26.36665	1.88
14	7	1986	7	26.4111	0.27
15	7	1986	7	26.35275	1.01
16	7	1986	7	25.94725	0.04
17	7	1986	7	26.4611	0
18	7	1986	7	26.81385	0
19	7	1986	7	26.6972	0
20	7	1986	7	27.0528	0.03
21	7	1986	7	27.7611	1.01
22	7	1986	7	26.76115	0
23	7	1986	7	27.27225	0
24	7	1986	7	27.74725	0
25	7	1986	7	28.1361	0
26	7	1986	7	28.64445	0
27	7	1986	7	28.69165	0
28	7	1986	7	28.9444	0.03
29	7	1986	7	28.83335	0.25
30	7	1986	7	28.9778	0
31	7	1986	7	28.78055	0
1	8	1986	8	28.81115	0
2	8	1986	8	29.4389	0.12
3	8	1986	8	28.9	7.23
4	8	1986	8	26.99165	2.52
5	8	1986	8	26.2389	0.05
6	8	1986	8	26.44445	0.26
7	8	1986	8	27.4	0.19
8	8	1986	8	28.025	0
9	8	1986	8	27.8861	0
10	8	1986	8	28.34445	1.25
11	8	1986	8	27.8889	2
12	8	1986	8	27.21945	0.71
13	8	1986	8	26.43055	0.01
14	8	1986	8	27.17775	0.02
15	8	1986	8	27.93335	0
16	8	1986	8	27.875	0.16
17	8	1986	8	28.6917	0.77
18	8	1986	8	28.1	0.25
19	8	1986	8	29.11665	0.34
20	8	1986	8	29.6611	0.45
21	8	1986	8	28.24165	2.79
22	8	1986	8	24.325	1.02
23	8	1986	8	23.1611	1.4
24	8	1986	8	23.96945	9.48
25	8	1986	8	25.5639	0.75
26	8	1986	8	26.8222	0
27	8	1986	8	26.875	3.13
28	8	1986	8	24.7944	8.64
29	8	1986	8	24.2278	0
30	8	1986	8	22.27775	0.62
31	8	1986	8	24.4361	5.85
1	9	1986	9	25.025	19.96
2	9	1986	9	25.84445	2.08
3	9	1986	9	26.925	0.11
4	9	1986	9	26.72225	0.62
5	9	1986	9	26.5194	1.91
6	9	1986	9	23.42225	63.78
7	9	1986	9	22.7389	5.6
8	9	1986	9	22.375	0.69
9	9	1986	9	23.69445	0.84
10	9	1986	9	25.7556	0.02
11	9	1986	9	27.01385	3.52
12	9	1986	9	25.61945	12.06
13	9	1986	9	25.21945	0
14	9	1986	9	25.7	0
15	9	1986	9	26.0389	0.01
16	9	1986	9	26.27775	0.14
17	9	1986	9	26.3222	0.15
18	9	1986	9	26.325	0.34
19	9	1986	9	25.77775	0.33
20	9	1986	9	25.3306	0.99
21	9	1986	9	25.7222	0.75
22	9	1986	9	26.05835	0.48
23	9	1986	9	26.22775	0
24	9	1986	9	26.06665	0
25	9	1986	9	26.6667	1.07
26	9	1986	9	26.8722	6.92
27	9	1986	9	26.725	1.76
28	9	1986	9	26.41115	4.33
29	9	1986	9	26.40555	1.03
30	9	1986	9	26.61945	0.05
1	10	1986	10	26.48615	0.05
2	10	1986	10	26.69445	0.43
3	10	1986	10	26.6111	0.31
4	10	1986	10	26.69725	2.55
5	10	1986	10	23.4972	29.12
6	10	1986	10	17.1917	23.97
7	10	1986	10	14.7722	9.18
8	10	1986	10	17.83055	0
9	10	1986	10	21.1028	1.74
10	10	1986	10	20.6194	0.47
11	10	1986	10	20.375	37.02
12	10	1986	10	12.6861	42.92
13	10	1986	10	9.6111	0.13
14	10	1986	10	13.4278	0.03
15	10	1986	10	15.18335	0.93
16	10	1986	10	15.8778	0.26
17	10	1986	10	16.0389	0.55
18	10	1986	10	16.0722	0.76
19	10	1986	10	16.6028	0
20	10	1986	10	16	0.25
21	10	1986	10	15.4917	15.48
22	10	1986	10	17.2	11.24
23	10	1986	10	18.6889	22.95
24	10	1986	10	17.86945	0.41
25	10	1986	10	15.86665	1.7
26	10	1986	10	15.36665	1.38
27	10	1986	10	15.2972	0.07
28	10	1986	10	15.28335	0
29	10	1986	10	16.8	0
30	10	1986	10	16.7611	0
31	10	1986	10	15.7111	0
1	11	1986	11	16.1028	0
2	11	1986	11	17.65555	0.9
3	11	1986	11	17.0583	3.11
4	11	1986	11	17.0083	25.35
5	11	1986	11	13.175	0.02
6	11	1986	11	10.96115	1.92
7	11	1986	11	13.4139	0.56
8	11	1986	11	17.1389	0.5
9	11	1986	11	17.87225	0.03
10	11	1986	11	16.79165	0.57
11	11	1986	11	9.5528	1.48
12	11	1986	11	7.3833	1.15
13	11	1986	11	1.66945	0.36
14	11	1986	11	2.70275	0.72
15	11	1986	11	8.9889	0
16	11	1986	11	15.7472	0
17	11	1986	11	18.77775	0
18	11	1986	11	19.9222	0
19	11	1986	11	16.59445	0
20	11	1986	11	15.75555	0
21	11	1986	11	12.30835	0
22	11	1986	11	15.8028	0.12
23	11	1986	11	13.87225	3.04
24	11	1986	11	7.59165	15.72
25	11	1986	11	7.7	0.95
26	11	1986	11	8.15	0
27	11	1986	11	6.9139	0.25
28	11	1986	11	8.75	1.04
29	11	1986	11	9.2806	0.02
30	11	1986	11	10.775	0
1	12	1986	12	10.10835	0
2	12	1986	12	8.9611	0
3	12	1986	12	8.5528	0
4	12	1986	12	7.7278	0.68
5	12	1986	12	9.475	0.93
6	12	1986	12	11.03615	6.91
7	12	1986	12	14.20555	3.29
8	12	1986	12	15.96665	0.91
9	12	1986	12	12.19165	1.93
10	12	1986	12	3.34725	22.59
11	12	1986	12	-0.0083	1.89
12	12	1986	12	3.13055	1.41
13	12	1986	12	5.8611	0.19
14	12	1986	12	6.5778	23.95
15	12	1986	12	9.84725	2.32
16	12	1986	12	10.1611	1.46
17	12	1986	12	10.99445	0.56
18	12	1986	12	9.9111	9.69
19	12	1986	12	7.39165	0.35
20	12	1986	12	7.1028	3.25
21	12	1986	12	7.3861	12.68
22	12	1986	12	5.7	43.03
23	12	1986	12	5.5972	1.26
24	12	1986	12	7.0194	0.06
25	12	1986	12	8.96665	0.28
26	12	1986	12	8.99725	1.66
27	12	1986	12	6.90835	0.03
28	12	1986	12	6.54445	0.24
29	12	1986	12	8.6111	0.73
30	12	1986	12	8.38055	0.08
31	12	1986	12	7.08055	0
1	1	1987	1	7.30555	0
2	1	1987	1	5.7528	0
3	1	1987	1	6.6611	0
4	1	1987	1	5.5722	0
5	1	1987	1	6.2861	0.35
6	1	1987	1	8.525	0.03
7	1	1987	1	13.02225	0.02
8	1	1987	1	11.93615	0.95
9	1	1987	1	10.8472	4.48
10	1	1987	1	6.475	0
11	1	1987	1	3.91385	0
12	1	1987	1	5.5667	0
13	1	1987	1	7.38615	0.06
14	1	1987	1	10.28335	0
15	1	1987	1	8.8278	0.28
16	1	1987	1	6.84165	0.23
17	1	1987	1	3.1278	8.88
18	1	1987	1	-0.6639	0.1
19	1	1987	1	2.0139	0.62
20	1	1987	1	2.73335	0.72
21	1	1987	1	3.05555	2.62
22	1	1987	1	3.7083	0
23	1	1987	1	3.175	0
24	1	1987	1	8.6778	0.24
25	1	1987	1	10.25275	0
26	1	1987	1	10.275	0
27	1	1987	1	11.1361	0
28	1	1987	1	12.35275	0
29	1	1987	1	14.38055	0
30	1	1987	1	12.2361	0.08
31	1	1987	1	10.60275	0.18
1	2	1987	2	14.16665	0.71
2	2	1987	2	13.24165	0
3	2	1987	2	13.6111	0
4	2	1987	2	13.4083	0.28
5	2	1987	2	13.225	17.35
6	2	1987	2	6.7111	1.52
7	2	1987	2	7.86945	0.11
8	2	1987	2	10.66945	0.06
9	2	1987	2	9.93615	0
10	2	1987	2	10.54725	0
11	2	1987	2	13.7722	0.02
12	2	1987	2	15.20835	0
13	2	1987	2	15.6472	0.18
14	2	1987	2	14.9083	1.79
15	2	1987	2	13.38615	0.19
16	2	1987	2	9.87225	0
17	2	1987	2	8.30835	0
18	2	1987	2	4.6833	0.42
19	2	1987	2	4.3639	5.52
20	2	1987	2	4.05835	3.67
21	2	1987	2	4.7278	0.09
22	2	1987	2	7.08055	2.02
23	2	1987	2	7.475	7.65
24	2	1987	2	7.82225	8.2
25	2	1987	2	9.74445	17.41
26	2	1987	2	11.23055	8.97
27	2	1987	2	14.2639	4.36
28	2	1987	2	11.7722	0.01
1	3	1987	3	9.25	0
2	3	1987	3	8.9722	0
3	3	1987	3	9.79445	0
4	3	1987	3	10.2472	0
5	3	1987	3	10.53335	0
6	3	1987	3	11.2028	0
7	3	1987	3	11.1889	0
8	3	1987	3	11.1167	0
9	3	1987	3	12.4	5.91
10	3	1987	3	10.20275	8.12
11	3	1987	3	7.075	3.86
12	3	1987	3	5.92225	0.33
13	3	1987	3	8.39165	0
14	3	1987	3	11.24165	0
15	3	1987	3	14.6778	1.34
16	3	1987	3	17.7167	9.37
17	3	1987	3	14.5611	4.04
18	3	1987	3	12.9472	0.11
19	3	1987	3	13.7639	0
20	3	1987	3	15.6806	0.07
21	3	1987	3	17.8167	0.06
22	3	1987	3	19.1472	0.12
23	3	1987	3	14.8889	1.7
24	3	1987	3	11.10555	0
25	3	1987	3	11.375	0.06
26	3	1987	3	11.84445	0.14
27	3	1987	3	11.475	0.31
28	3	1987	3	13.30555	0.4
29	3	1987	3	5.16665	0.2
30	3	1987	3	2.46945	0.02
31	3	1987	3	7.39165	0.25
1	4	1987	4	11.72225	0
2	4	1987	4	12.1	0
3	4	1987	4	6.1778	0.16
4	4	1987	4	7.51665	0.04
5	4	1987	4	8.48055	8.07
6	4	1987	4	8.98055	0.03
7	4	1987	4	10.30275	0
8	4	1987	4	11.1278	0
9	4	1987	4	13.2833	0
10	4	1987	4	16.97775	0.02
11	4	1987	4	19.32225	0
12	4	1987	4	19.90555	0.05
13	4	1987	4	19.55	0.62
14	4	1987	4	14.64725	0
15	4	1987	4	15.95835	0
16	4	1987	4	18.9278	0
17	4	1987	4	21.6333	0
18	4	1987	4	21.8833	0
19	4	1987	4	22.2472	0.23
20	4	1987	4	22.7972	0.75
21	4	1987	4	18.08615	3.78
22	4	1987	4	14.94165	0.12
23	4	1987	4	17.1583	0.4
24	4	1987	4	18.8833	3.4
25	4	1987	4	19.0167	0.11
26	4	1987	4	18.39725	0
27	4	1987	4	18.85555	0
28	4	1987	4	19.88055	0
29	4	1987	4	20.025	0
30	4	1987	4	19.7361	0.05
1	5	1987	5	20.5833	0.01
2	5	1987	5	22.1361	0.25
3	5	1987	5	22.5972	7.91
4	5	1987	5	20.3111	13.84
5	5	1987	5	20.94445	0.6
6	5	1987	5	21.15835	0.09
7	5	1987	5	19.87775	0.06
8	5	1987	5	18.775	0.33
9	5	1987	5	19.03055	0.24
10	5	1987	5	20.76665	0.61
11	5	1987	5	21.5917	0.66
12	5	1987	5	21	0.07
13	5	1987	5	22.6417	3.99
14	5	1987	5	23.43055	0.34
15	5	1987	5	23.60555	4.77
16	5	1987	5	22.56665	20.97
17	5	1987	5	22.11665	0.45
18	5	1987	5	23.59165	6.62
19	5	1987	5	22.6361	35.81
20	5	1987	5	23.12775	2.1
21	5	1987	5	23.55835	2.34
22	5	1987	5	23.62225	1.73
23	5	1987	5	24.1694	1.37
24	5	1987	5	23.59725	5.64
25	5	1987	5	23.89445	0
26	5	1987	5	24.7722	0
27	5	1987	5	24.53055	3.51
28	5	1987	5	24.2111	7.28
29	5	1987	5	19.975	75.17
30	5	1987	5	20.70555	4.93
31	5	1987	5	20.5889	28.44
1	6	1987	6	20.84445	0.06
2	6	1987	6	22.2167	20.88
3	6	1987	6	20.27225	62.9
4	6	1987	6	19.33055	18.56
5	6	1987	6	21.1528	0.14
6	6	1987	6	21.89725	0.04
7	6	1987	6	22.5028	1.51
8	6	1987	6	22.80275	9.91
9	6	1987	6	22.3417	8.67
10	6	1987	6	23.28615	24.83
11	6	1987	6	24.40835	39.93
12	6	1987	6	25.3639	13.38
13	6	1987	6	24.7278	17.75
14	6	1987	6	24.5472	0.01
15	6	1987	6	25.1611	0
16	6	1987	6	26.2111	0.04
17	6	1987	6	27.03885	0.02
18	6	1987	6	26.59445	0.19
19	6	1987	6	27.0278	0
20	6	1987	6	26.9611	0.05
21	6	1987	6	26.7972	1.63
22	6	1987	6	25.28335	2.09
23	6	1987	6	26.43335	0.01
24	6	1987	6	26.78055	0.05
25	6	1987	6	27.38335	1.61
26	6	1987	6	26.5917	0.03
27	6	1987	6	24.86945	0.02
28	6	1987	6	23.29165	0.01
29	6	1987	6	25.09165	0.98
30	6	1987	6	25.7167	6.57
1	7	1987	7	27.00275	1.17
2	7	1987	7	28.04445	0
3	7	1987	7	28.13615	0
4	7	1987	7	28.06115	0
5	7	1987	7	28.00555	0
6	7	1987	7	27.64165	0.05
7	7	1987	7	26.83055	0.04
8	7	1987	7	26.5917	0.23
9	7	1987	7	26.35555	5.71
10	7	1987	7	26.125	0.01
11	7	1987	7	26.8306	0
12	7	1987	7	27.3139	0.27
13	7	1987	7	27.17775	0.1
14	7	1987	7	25.68335	1
15	7	1987	7	24.9	5.15
16	7	1987	7	25.475	3.6
17	7	1987	7	25.11945	98.55
18	7	1987	7	26.49165	0
19	7	1987	7	26.6167	0.02
20	7	1987	7	25.16665	0.69
21	7	1987	7	24.43055	1.76
22	7	1987	7	25.31945	0.23
23	7	1987	7	26.03055	0.34
24	7	1987	7	26.3222	1.98
25	7	1987	7	25.26945	0.2
26	7	1987	7	25.1278	2.84
27	7	1987	7	25.46945	0.23
28	7	1987	7	24.75555	0.02
29	7	1987	7	25.0889	0
30	7	1987	7	25.8889	0
31	7	1987	7	26.86945	0
1	8	1987	8	27.0111	0
2	8	1987	8	27.7417	0
3	8	1987	8	27.3472	0
4	8	1987	8	27.8	0
5	8	1987	8	27.63055	0
6	8	1987	8	28.025	0
7	8	1987	8	27.9639	0
8	8	1987	8	27.70835	0
9	8	1987	8	27.8278	0.16
10	8	1987	8	28.3028	0.78
11	8	1987	8	28.8139	0.62
12	8	1987	8	28.71385	4.39
13	8	1987	8	28.83055	0.32
14	8	1987	8	28.6028	0
15	8	1987	8	28.8306	0
16	8	1987	8	29.59445	0
17	8	1987	8	29.4139	0
18	8	1987	8	28.79445	0
19	8	1987	8	28.3361	0
20	8	1987	8	26.9889	0
21	8	1987	8	27.325	0
22	8	1987	8	28.03055	0
23	8	1987	8	26.84165	0
24	8	1987	8	26.92225	0
25	8	1987	8	27.60835	0.39
26	8	1987	8	28.35555	0.32
27	8	1987	8	27.7	27.16
28	8	1987	8	22.5389	14.63
29	8	1987	8	21.6639	8.45
30	8	1987	8	22.16945	9.82
31	8	1987	8	23.15	3.72
1	9	1987	9	23.58615	0.25
2	9	1987	9	22.3	0.06
3	9	1987	9	22.775	0.03
4	9	1987	9	23.1611	0
5	9	1987	9	23.1528	0
6	9	1987	9	24.15555	0.89
7	9	1987	9	24.73055	6.81
8	9	1987	9	24.6111	0
9	9	1987	9	24.60555	1.92
10	9	1987	9	25.1972	10.12
11	9	1987	9	24.62225	9.91
12	9	1987	9	24.94165	0.04
13	9	1987	9	27.1361	0.24
14	9	1987	9	27.3472	0.17
15	9	1987	9	26.5417	3.92
16	9	1987	9	26.52775	0.5
17	9	1987	9	27.01945	0.62
18	9	1987	9	25.43335	11.43
19	9	1987	9	21.3778	0
20	9	1987	9	21.05835	0
21	9	1987	9	21.15835	0
22	9	1987	9	20.7806	0
23	9	1987	9	18.0583	0
24	9	1987	9	19.175	0.03
25	9	1987	9	19.625	0
26	9	1987	9	20.03055	0.09
27	9	1987	9	21.8972	1.46
28	9	1987	9	24.8222	0.38
29	9	1987	9	23.89165	0
30	9	1987	9	19.45555	0.01
1	10	1987	10	17.3639	0
2	10	1987	10	18.5472	0
3	10	1987	10	18.1028	0
4	10	1987	10	15.4389	0
5	10	1987	10	17.675	0
6	10	1987	10	18.7028	0
7	10	1987	10	16.9139	0
8	10	1987	10	17.99445	0
9	10	1987	10	21.5861	0
10	10	1987	10	20.9333	0
11	10	1987	10	18.3028	0
12	10	1987	10	17.1583	0
13	10	1987	10	17	0
14	10	1987	10	17.88055	0
15	10	1987	10	19.39165	0
16	10	1987	10	21.21665	0.21
17	10	1987	10	21.3722	0.51
18	10	1987	10	21.4361	0.39
19	10	1987	10	21.2278	0.56
20	10	1987	10	18.44445	3.53
21	10	1987	10	14.39445	0.08
22	10	1987	10	14.3917	0.83
23	10	1987	10	16.26385	1.98
24	10	1987	10	19.6778	0.08
25	10	1987	10	21.54165	0
26	10	1987	10	23.0639	0
27	10	1987	10	18.51945	0
28	10	1987	10	15.4667	0
29	10	1987	10	17.58335	0
30	10	1987	10	21.5861	0
31	10	1987	10	21.7083	0
1	11	1987	11	21.1389	0
2	11	1987	11	19.85555	0
3	11	1987	11	17.6722	0
4	11	1987	11	18.6028	0
5	11	1987	11	19.3528	0
6	11	1987	11	17.775	0
7	11	1987	11	17.50835	5.43
8	11	1987	11	16.95275	33.69
9	11	1987	11	10.5417	0.01
10	11	1987	11	8.46945	0.01
11	11	1987	11	6.0639	0.01
12	11	1987	11	6.00555	0.01
13	11	1987	11	8.98615	0.02
14	11	1987	11	12.65	0.93
15	11	1987	11	18.2389	7.18
16	11	1987	11	14.21115	12.72
17	11	1987	11	9.95835	0.08
18	11	1987	11	12.53335	0.17
19	11	1987	11	9.2889	0.02
20	11	1987	11	7.8	0.22
21	11	1987	11	8.53615	0.49
22	11	1987	11	12.16945	0.08
23	11	1987	11	17.89165	0.43
24	11	1987	11	19.14445	1.7
25	11	1987	11	13.3861	6.55
26	11	1987	11	8.9306	2.33
27	11	1987	11	7.9361	2.44
28	11	1987	11	5.94445	0.01
29	11	1987	11	7.01945	0.9
30	11	1987	11	7.39725	0.06
1	12	1987	12	7.64445	0
2	12	1987	12	9.525	0
3	12	1987	12	13.9861	0
4	12	1987	12	14.0861	0
5	12	1987	12	15.00835	0
6	12	1987	12	18.20275	0
7	12	1987	12	14.43055	0
8	12	1987	12	14.4861	0.02
9	12	1987	12	12.6028	0
10	12	1987	12	12.5917	0
11	12	1987	12	15.375	0
12	12	1987	12	13.13615	0
13	12	1987	12	11.00555	0.08
14	12	1987	12	6.84725	0.04
15	12	1987	12	1.83055	0.06
16	12	1987	12	2.1611	0.11
17	12	1987	12	2.4361	1.74
18	12	1987	12	8.57775	9.1
19	12	1987	12	13.57775	21.69
20	12	1987	12	10.45555	1.27
21	12	1987	12	11.2083	3.67
22	12	1987	12	11.75	0.25
23	12	1987	12	12.925	0.43
24	12	1987	12	15.07775	0.74
25	12	1987	12	8.2889	9.9
26	12	1987	12	1.40835	1.23
27	12	1987	12	2.3833	0.01
28	12	1987	12	3.55835	0
29	12	1987	12	3.0472	0
30	12	1987	12	3.8861	0.09
31	12	1987	12	7.3972	0.09
1	1	1988	1	2.9472	0.04
2	1	1988	1	2.54165	0.72
3	1	1988	1	5.60835	0.13
4	1	1988	1	3.7139	0.11
5	1	1988	1	3.34445	0.72
6	1	1988	1	3.46115	4.79
7	1	1988	1	1.0278	0.01
8	1	1988	1	-0.90555	0
9	1	1988	1	-0.3639	0
10	1	1988	1	-1.48615	0.04
11	1	1988	1	0.9528	0.05
12	1	1988	1	6.3333	0.17
13	1	1988	1	6.17775	0
14	1	1988	1	3.86385	0.04
15	1	1988	1	5.9528	0.02
16	1	1988	1	9.60555	0.63
17	1	1988	1	14.1639	0
18	1	1988	1	12.26945	0.08
19	1	1988	1	11.4889	0.05
20	1	1988	1	6.7833	0
21	1	1988	1	1.89445	0
22	1	1988	1	3.4611	0
23	1	1988	1	4.175	0
24	1	1988	1	5.93335	0
25	1	1988	1	4.2222	0
26	1	1988	1	4.8361	0
27	1	1988	1	6.60835	0
28	1	1988	1	7.99445	0
29	1	1988	1	12.45835	0
30	1	1988	1	15.6139	0
31	1	1988	1	17.6861	0
1	2	1988	2	18.2639	0.08
2	2	1988	2	8.975	0.21
3	2	1988	2	6.6056	0.07
4	2	1988	2	5.0611	1.17
5	2	1988	2	1.53055	0.58
6	2	1988	2	0.4611	0.82
7	2	1988	2	3.59445	0.71
8	2	1988	2	6.86665	0.05
9	2	1988	2	9.5861	0.03
10	2	1988	2	10.56665	0.01
11	2	1988	2	3.00835	0.01
12	2	1988	2	2.83335	0
13	2	1988	2	7.19445	0
14	2	1988	2	12.275	0.14
15	2	1988	2	10.06945	1.04
16	2	1988	2	10.83335	0.98
17	2	1988	2	13.23335	1.76
18	2	1988	2	10.4528	5.68
19	2	1988	2	7.39445	0.07
20	2	1988	2	9.3611	0
21	2	1988	2	10.24165	0
22	2	1988	2	12.8	0
23	2	1988	2	12.2528	0
24	2	1988	2	8.7583	0
25	2	1988	2	9.7222	0
26	2	1988	2	11.45835	0.02
27	2	1988	2	15.9611	0.79
28	2	1988	2	15.4889	2.77
29	2	1988	2	17.8083	0.42
1	3	1988	3	18.55555	0.91
2	3	1988	3	18.77775	4.89
3	3	1988	3	11.4778	0.1
4	3	1988	3	8.78055	0
5	3	1988	3	11.48885	0
6	3	1988	3	12.5028	0.01
7	3	1988	3	14.0222	0.48
8	3	1988	3	13.8722	3.2
9	3	1988	3	11.7	0.47
10	3	1988	3	13.06945	0.12
11	3	1988	3	17.48055	0.05
12	3	1988	3	16.25555	0
13	3	1988	3	11.43055	0
14	3	1988	3	6.9	0.44
15	3	1988	3	6.1667	0.41
16	3	1988	3	8.3667	3.88
17	3	1988	3	10.6639	18.46
18	3	1988	3	6.325	0
19	3	1988	3	5.875	0.03
20	3	1988	3	10.58055	0
21	3	1988	3	13.4	0
22	3	1988	3	15.65275	0
23	3	1988	3	18.5667	0
24	3	1988	3	21.59165	0
25	3	1988	3	21.9639	0
26	3	1988	3	20.54445	0.03
27	3	1988	3	20.70835	0.01
28	3	1988	3	20.64165	0.38
29	3	1988	3	18.5278	0.71
30	3	1988	3	11.0639	0
31	3	1988	3	13.11665	0.06
1	4	1988	4	17.3472	0.31
2	4	1988	4	14.75555	0
3	4	1988	4	17.1361	0
4	4	1988	4	18.66945	0
5	4	1988	4	21.2389	0.03
6	4	1988	4	17.67225	0
7	4	1988	4	14.89725	0.4
8	4	1988	4	14.56945	3.46
9	4	1988	4	13.95555	0.22
10	4	1988	4	12.5139	1.65
11	4	1988	4	9.76665	0.06
12	4	1988	4	11.38335	0
13	4	1988	4	14.01115	0
14	4	1988	4	16.86945	0.07
15	4	1988	4	18.9111	0.08
16	4	1988	4	18.50835	0.81
17	4	1988	4	20.7611	1.79
18	4	1988	4	18.47775	0.06
19	4	1988	4	15.1639	0
20	4	1988	4	17.71115	0
21	4	1988	4	20.2389	0
22	4	1988	4	22.8611	0
23	4	1988	4	23.7389	0.78
24	4	1988	4	19.875	2.02
25	4	1988	4	20.14165	1.13
26	4	1988	4	19.84445	0
27	4	1988	4	19.71945	0
28	4	1988	4	19.2917	1.08
29	4	1988	4	20.01665	11.17
30	4	1988	4	18.2833	1.81
1	5	1988	5	18.35835	0
2	5	1988	5	19.725	0.1
3	5	1988	5	19.88335	0
4	5	1988	5	18.2333	0
5	5	1988	5	19.54165	0
6	5	1988	5	20.8444	0.02
7	5	1988	5	21.26945	0.22
8	5	1988	5	24.375	0.18
9	5	1988	5	24.3861	2.06
10	5	1988	5	23.3222	0.39
11	5	1988	5	21.5361	18.83
12	5	1988	5	19.73055	4.1
13	5	1988	5	19.40555	2.04
14	5	1988	5	21.35	0
15	5	1988	5	23.2333	0.78
16	5	1988	5	23.5139	1.89
17	5	1988	5	22.43335	0.09
18	5	1988	5	21.74445	1.07
19	5	1988	5	21.45555	12.44
20	5	1988	5	20.5389	51.85
21	5	1988	5	19.425	4.86
22	5	1988	5	19.2667	0.02
23	5	1988	5	20.08885	0
24	5	1988	5	21.54725	0
25	5	1988	5	21.76945	0
26	5	1988	5	21.8	0.05
27	5	1988	5	21.0889	0
28	5	1988	5	22.10555	0.11
29	5	1988	5	23.26385	9.73
30	5	1988	5	23.7472	2.26
31	5	1988	5	23.9389	1.28
1	6	1988	6	24.0583	5.37
2	6	1988	6	24.7389	25.31
3	6	1988	6	22.5778	4.97
4	6	1988	6	21.36115	0.91
5	6	1988	6	21.7	0
6	6	1988	6	21.7	0
7	6	1988	6	23.7583	0
8	6	1988	6	26.14725	0
9	6	1988	6	28.14445	0.03
10	6	1988	6	27.66665	0.01
11	6	1988	6	23.2611	0
12	6	1988	6	23.8417	0
13	6	1988	6	23.71385	0.47
14	6	1988	6	24.9	0.03
15	6	1988	6	25.49725	0
16	6	1988	6	24.97775	0
17	6	1988	6	24.9472	0
18	6	1988	6	25.40275	0
19	6	1988	6	24.84445	0
20	6	1988	6	25.54445	0
21	6	1988	6	25.2917	0
22	6	1988	6	25.2028	0.11
23	6	1988	6	25.56945	0.07
24	6	1988	6	25.43335	0.84
25	6	1988	6	26.1639	41.57
26	6	1988	6	24.84445	22.16
27	6	1988	6	24.9694	3.47
28	6	1988	6	26.28055	0.53
29	6	1988	6	26.66945	0
30	6	1988	6	26.76945	0
1	7	1988	7	27.0639	0
2	7	1988	7	27.6722	0.01
3	7	1988	7	27.7861	0.4
4	7	1988	7	27.89445	0.45
5	7	1988	7	27.43055	0.37
6	7	1988	7	27.1889	1.64
7	7	1988	7	26.2472	0.09
8	7	1988	7	25.81385	0.14
9	7	1988	7	24.94165	0.36
10	7	1988	7	25.2389	2.23
11	7	1988	7	24.81665	69.73
12	7	1988	7	25.7417	5.85
13	7	1988	7	27.8722	0
14	7	1988	7	27.85	0.01
15	7	1988	7	28.1639	0.04
16	7	1988	7	27.925	0
17	7	1988	7	27.9583	0
18	7	1988	7	27.9444	0
19	7	1988	7	27.75	0
20	7	1988	7	25.94445	28.85
21	7	1988	7	24.44725	15.03
22	7	1988	7	24.2028	0
23	7	1988	7	24.6917	0
24	7	1988	7	26.075	0
25	7	1988	7	27.1	0
26	7	1988	7	27.49445	0.09
27	7	1988	7	27.24725	2.08
28	7	1988	7	26.90275	0.77
29	7	1988	7	27.1611	2.03
30	7	1988	7	26.09165	5.82
31	7	1988	7	25.1139	0.34
1	8	1988	8	25.4472	7.02
2	8	1988	8	26.4944	21.61
3	8	1988	8	26.05	0.29
4	8	1988	8	26.67225	0.58
5	8	1988	8	26.6028	0.08
6	8	1988	8	27.56115	0.06
7	8	1988	8	28.14445	0
8	8	1988	8	28.2639	0.07
9	8	1988	8	28.90835	0.83
10	8	1988	8	28.90275	0.18
11	8	1988	8	28.6	1.51
12	8	1988	8	28.6889	0.01
13	8	1988	8	28.1417	0.07
14	8	1988	8	27.71665	0.04
15	8	1988	8	27.12775	0.05
16	8	1988	8	27.11665	0.85
17	8	1988	8	27.1667	0.98
18	8	1988	8	26.8278	1.04
19	8	1988	8	26.98335	0
20	8	1988	8	27.85	0
21	8	1988	8	28.67225	0
22	8	1988	8	28.54725	0
23	8	1988	8	28.8917	1.17
24	8	1988	8	28.9778	5.49
25	8	1988	8	28.21665	0
26	8	1988	8	27.075	0.18
27	8	1988	8	27.125	0.01
28	8	1988	8	26.80835	0
29	8	1988	8	26.01945	0
30	8	1988	8	26.1472	0
31	8	1988	8	25.2861	0
1	9	1988	9	25.6528	0.01
2	9	1988	9	25.7528	1.56
3	9	1988	9	25.36665	0.58
4	9	1988	9	24.75275	0.01
5	9	1988	9	21.0833	0.03
6	9	1988	9	21.7472	0
7	9	1988	9	22.18885	0
8	9	1988	9	23.21665	0
9	9	1988	9	23.3722	0
10	9	1988	9	23.26385	0
11	9	1988	9	23.6417	0.04
12	9	1988	9	24.625	0.17
13	9	1988	9	26.68335	0
14	9	1988	9	26.8167	0
15	9	1988	9	25.83885	1.04
16	9	1988	9	25.0722	11.82
17	9	1988	9	25.1278	27.85
18	9	1988	9	25.42775	7.66
19	9	1988	9	26.21945	0.45
20	9	1988	9	26.64725	0.23
21	9	1988	9	25.17775	0.22
22	9	1988	9	25.33885	0
23	9	1988	9	25.20275	0
24	9	1988	9	25.55835	0
25	9	1988	9	23.4111	0
26	9	1988	9	23.8	0
27	9	1988	9	23.05555	0
28	9	1988	9	23.43055	0
29	9	1988	9	23.075	2.86
30	9	1988	9	17.60835	16.3
1	10	1988	10	19.55	1.07
2	10	1988	10	19.325	0.49
3	10	1988	10	17.5944	0
4	10	1988	10	16.9806	0
5	10	1988	10	16.91665	0.19
6	10	1988	10	17.10835	0.04
7	10	1988	10	17.5944	0
8	10	1988	10	17.9611	0.13
9	10	1988	10	18.825	1.17
10	10	1988	10	17.4278	0.02
11	10	1988	10	16.7778	0
12	10	1988	10	17.21665	0
13	10	1988	10	16.2389	0
14	10	1988	10	17.1056	0
15	10	1988	10	19.29445	0
16	10	1988	10	21.225	0
17	10	1988	10	22.4	0
18	10	1988	10	23	0
19	10	1988	10	21.59445	0
20	10	1988	10	21.98885	0.04
21	10	1988	10	21.9	0.1
22	10	1988	10	21.21665	0.05
23	10	1988	10	22.61945	0.46
24	10	1988	10	21.6556	0.61
25	10	1988	10	21.46665	0.24
26	10	1988	10	22.7639	0
27	10	1988	10	23.05555	0.06
28	10	1988	10	22.76665	1.57
29	10	1988	10	19.79445	1.26
30	10	1988	10	19.8444	2.74
31	10	1988	10	17.88335	8.83
1	11	1988	11	17.01945	0.1
2	11	1988	11	17.2972	0
3	11	1988	11	19.09445	0
4	11	1988	11	20.94165	0
5	11	1988	11	17.39725	0
6	11	1988	11	14.33055	0
7	11	1988	11	18.2611	0
8	11	1988	11	19.5722	0
9	11	1988	11	20.3889	0
10	11	1988	11	20.0222	0
11	11	1988	11	19.87775	0
12	11	1988	11	21.26115	0.03
13	11	1988	11	17.1472	0
14	11	1988	11	18.68055	0.08
15	11	1988	11	22.7111	0.01
16	11	1988	11	15.3083	0.01
17	11	1988	11	9.36945	0.01
18	11	1988	11	12.45835	0.14
19	11	1988	11	16.24445	1.1
20	11	1988	11	9.8972	0
21	11	1988	11	6.80835	0
22	11	1988	11	6.87775	0
23	11	1988	11	9.4694	0.23
24	11	1988	11	12.04165	0
25	11	1988	11	16.55555	0
26	11	1988	11	17.83885	0.35
27	11	1988	11	14.61665	0.03
28	11	1988	11	6.32225	0
29	11	1988	11	9.28885	0
30	11	1988	11	9.66945	0
1	12	1988	12	8.3083	0
2	12	1988	12	9.4222	0
3	12	1988	12	10.4278	0
4	12	1988	12	11.67775	0
5	12	1988	12	12.60555	1.12
6	12	1988	12	12.86945	0.04
7	12	1988	12	15.63335	0.54
8	12	1988	12	10.1778	5.53
9	12	1988	12	2.98055	1.19
10	12	1988	12	3.57225	7.23
11	12	1988	12	7.38335	0.22
12	12	1988	12	7.6889	0
13	12	1988	12	7.1111	0
14	12	1988	12	10.35	0
15	12	1988	12	10.1389	0
16	12	1988	12	6.85555	0
17	12	1988	12	5.6194	0
18	12	1988	12	7.50275	0
19	12	1988	12	10.15835	0
20	12	1988	12	15.3639	0.03
21	12	1988	12	14.275	0.01
22	12	1988	12	16.4	0.03
23	12	1988	12	12.7	0
24	12	1988	12	13.01665	0
25	12	1988	12	12.1111	0
26	12	1988	12	15.2667	0.51
27	12	1988	12	16.34445	1.44
28	12	1988	12	4.45	0
29	12	1988	12	3.70555	0.34
30	12	1988	12	6.425	1.38
31	12	1988	12	10.0972	0.12
1	1	1989	1	10.55	0.03
2	1	1989	1	13.775	0.37
3	1	1989	1	16.6611	0
4	1	1989	1	13.17775	0.69
5	1	1989	1	15.0222	0.16
6	1	1989	1	14.4861	0.1
7	1	1989	1	15.28335	0
8	1	1989	1	11.87775	0.06
9	1	1989	1	5.93055	0.44
10	1	1989	1	6.83335	0.18
11	1	1989	1	11.0222	0.82
12	1	1989	1	10.4861	1.84
13	1	1989	1	2.13885	7.45
14	1	1989	1	3.775	0.81
15	1	1989	1	7.54725	0.01
16	1	1989	1	7.87775	0
17	1	1989	1	7.50835	0.04
18	1	1989	1	11.8139	0.32
19	1	1989	1	13.4111	13.32
20	1	1989	1	10.96665	5.49
21	1	1989	1	4.9028	0.07
22	1	1989	1	5.1806	0.04
23	1	1989	1	7.2889	1.04
24	1	1989	1	13.75555	3.06
25	1	1989	1	17.37775	4.67
26	1	1989	1	15.2611	11.92
27	1	1989	1	9.54445	35.95
28	1	1989	1	11.3139	8.47
29	1	1989	1	9.65835	11.93
30	1	1989	1	10.80555	0
31	1	1989	1	12.23335	0.06
1	2	1989	2	14.4361	0.46
2	2	1989	2	17.62775	2.65
3	2	1989	2	2.15	0.17
4	2	1989	2	-5.8167	0.09
5	2	1989	2	-6.40835	0.16
6	2	1989	2	-5.60555	0.03
7	2	1989	2	-2.6917	0
8	2	1989	2	0.3278	0
9	2	1989	2	2.55835	0
10	2	1989	2	4.71665	0.06
11	2	1989	2	8.4111	0.47
12	2	1989	2	15.04165	1.17
13	2	1989	2	18.775	0.94
14	2	1989	2	17.2972	2.16
15	2	1989	2	11.9889	5.75
16	2	1989	2	7.4361	27.35
17	2	1989	2	5.58335	8.73
18	2	1989	2	5.2222	0.2
19	2	1989	2	7.06945	0.38
20	2	1989	2	12.26945	0.05
21	2	1989	2	11.78055	0
22	2	1989	2	7.23615	0
23	2	1989	2	6.5639	0
24	2	1989	2	7.99445	0
25	2	1989	2	13.71945	0
26	2	1989	2	17.30835	0
27	2	1989	2	16.2861	0
28	2	1989	2	10.4917	0.22
1	3	1989	3	8.2	4.16
2	3	1989	3	11.62225	0.17
3	3	1989	3	14.92775	0.18
4	3	1989	3	8.4472	0.5
5	3	1989	3	-0.41115	0
6	3	1989	3	1.51945	0
7	3	1989	3	2.84445	0
8	3	1989	3	6.1722	0
9	3	1989	3	8.35	0
10	3	1989	3	11.50555	0
11	3	1989	3	14.5111	0
12	3	1989	3	17.77225	0
13	3	1989	3	19.4917	0
14	3	1989	3	21.50555	0
15	3	1989	3	19.34725	0
16	3	1989	3	17.40835	0
17	3	1989	3	19.81945	0
18	3	1989	3	20.96665	0.22
19	3	1989	3	19.1278	6.08
20	3	1989	3	19.09445	1.42
21	3	1989	3	8.7361	2.3
22	3	1989	3	6.90555	0
23	3	1989	3	10.1583	0.24
24	3	1989	3	14.375	0.89
25	3	1989	3	17.83335	0.63
26	3	1989	3	20.33335	0.64
27	3	1989	3	21.2861	4.48
28	3	1989	3	18.9139	24.12
29	3	1989	3	18.25275	0.21
30	3	1989	3	18.69725	0
31	3	1989	3	16.1389	0
1	4	1989	4	15.09725	0
2	4	1989	4	19.91115	0.01
3	4	1989	4	23.0917	0
4	4	1989	4	20.9361	0
5	4	1989	4	15.725	0
6	4	1989	4	16.73885	0
7	4	1989	4	19.28335	0
8	4	1989	4	21.81665	0
9	4	1989	4	17.23055	0
10	4	1989	4	11.475	0.22
11	4	1989	4	8.75	0.26
12	4	1989	4	9.50555	1.08
13	4	1989	4	9.31385	9.86
14	4	1989	4	12.06945	1.99
15	4	1989	4	14.7278	0.31
16	4	1989	4	17.55555	0
17	4	1989	4	20.19725	0.88
18	4	1989	4	22.6361	1.44
19	4	1989	4	22.4	6.83
20	4	1989	4	20.66945	0.19
21	4	1989	4	21.74445	0.14
22	4	1989	4	21.93055	0
23	4	1989	4	22.12225	0
24	4	1989	4	22.46945	0
25	4	1989	4	22.5917	0
26	4	1989	4	23.8889	0.1
27	4	1989	4	23.53055	2.62
28	4	1989	4	23.925	4.98
29	4	1989	4	20.93055	6.87
30	4	1989	4	19.97775	0.7
1	5	1989	5	19.9111	0.82
2	5	1989	5	20.95	0.04
3	5	1989	5	22.53055	0.12
4	5	1989	5	24.7083	0.02
5	5	1989	5	23.1	2.11
6	5	1989	5	21.4611	0
7	5	1989	5	23.625	0
8	5	1989	5	25.18055	0.09
9	5	1989	5	25.66945	2.1
10	5	1989	5	21.76945	6.09
11	5	1989	5	19.63335	0
12	5	1989	5	21.525	1.89
13	5	1989	5	22.55835	0.4
14	5	1989	5	21.5694	0.08
15	5	1989	5	22.88885	10.49
16	5	1989	5	23.8667	3.2
17	5	1989	5	24.5944	32.63
18	5	1989	5	22.71665	0
19	5	1989	5	24.6361	0.47
20	5	1989	5	26.68335	3.25
21	5	1989	5	24.7861	1.3
22	5	1989	5	26.4722	0.1
23	5	1989	5	27.55555	0
24	5	1989	5	27.66945	0
25	5	1989	5	28.3139	0
26	5	1989	5	28.37225	0
27	5	1989	5	27.73055	0.14
28	5	1989	5	26.24725	0.59
29	5	1989	5	26.25555	0
30	5	1989	5	26.3028	0
31	5	1989	5	26.63335	0
1	6	1989	6	26.4972	0
2	6	1989	6	26.66385	0
3	6	1989	6	27.6111	0.71
4	6	1989	6	27.1417	1.86
5	6	1989	6	26.3611	7.28
6	6	1989	6	26.95275	0.02
7	6	1989	6	28.4889	0.09
8	6	1989	6	25.29165	0.01
9	6	1989	6	24.3917	0.99
10	6	1989	6	26.1	16.07
11	6	1989	6	25.6778	5.04
12	6	1989	6	26.8528	2.39
13	6	1989	6	26.9139	30.23
14	6	1989	6	23.2	14.09
15	6	1989	6	20.5639	0
16	6	1989	6	21.09725	0.11
17	6	1989	6	23.08615	0
18	6	1989	6	25.69165	0
19	6	1989	6	27.23335	0
20	6	1989	6	26.7361	0
21	6	1989	6	26.45835	0
22	6	1989	6	26.61385	0
23	6	1989	6	25.97775	0.63
24	6	1989	6	24.38615	2.09
25	6	1989	6	24.08055	0.65
26	6	1989	6	24.3278	2.41
27	6	1989	6	25.05835	0
28	6	1989	6	25.20835	0
29	6	1989	6	26.24725	0
30	6	1989	6	25.6	0
1	7	1989	7	27.20275	0
2	7	1989	7	29.34725	0.01
3	7	1989	7	28.975	0.06
4	7	1989	7	28.00835	0.61
5	7	1989	7	27.23335	0.15
6	7	1989	7	27.375	1.04
7	7	1989	7	27.0028	1.07
8	7	1989	7	27.4417	0.18
9	7	1989	7	27.81665	0
10	7	1989	7	28.06115	0
11	7	1989	7	28.2167	0
12	7	1989	7	28.65835	0
13	7	1989	7	28.8389	0
14	7	1989	7	29.5528	0.05
15	7	1989	7	30.09165	0.15
16	7	1989	7	29.99165	0
17	7	1989	7	30.1111	0
18	7	1989	7	29.7667	0
19	7	1989	7	29.8472	0
20	7	1989	7	26.53055	0
21	7	1989	7	25.16945	0.05
22	7	1989	7	25.56665	6.66
23	7	1989	7	25.4972	1.66
24	7	1989	7	25.7778	7.3
25	7	1989	7	23.94445	0.07
26	7	1989	7	24.2389	0.56
27	7	1989	7	25.3861	0.79
28	7	1989	7	26.45835	0
29	7	1989	7	27.675	0
30	7	1989	7	27.6361	0
31	7	1989	7	27.63335	0.11
1	8	1989	8	27.1583	1.07
2	8	1989	8	27.8583	0.53
3	8	1989	8	28.24445	0.1
4	8	1989	8	28.6944	0
5	8	1989	8	29.00835	0
6	8	1989	8	28.7083	2.07
7	8	1989	8	26.79445	0.67
8	8	1989	8	24.2389	5.35
9	8	1989	8	22.92225	0.16
10	8	1989	8	23.1611	0.1
11	8	1989	8	24.01665	0.04
12	8	1989	8	24.40555	0.04
13	8	1989	8	24.1472	0.06
14	8	1989	8	24.575	0.69
15	8	1989	8	25.97225	0.29
16	8	1989	8	26.88335	3.08
17	8	1989	8	27.275	0
18	8	1989	8	27.61665	0.96
19	8	1989	8	27.70555	0
20	8	1989	8	28.18335	0.09
21	8	1989	8	28.525	0
22	8	1989	8	28.38055	0.02
23	8	1989	8	28.5222	0.34
24	8	1989	8	28.04445	1.77
25	8	1989	8	27.82225	0.1
26	8	1989	8	28.03335	0.32
27	8	1989	8	28.7611	0.02
28	8	1989	8	28.82775	0
29	8	1989	8	28.84445	0
30	8	1989	8	28.9472	0
31	8	1989	8	29.43055	0
1	9	1989	9	29.51665	0
2	9	1989	9	29.53055	0
3	9	1989	9	29.25275	0
4	9	1989	9	28.6722	0.14
5	9	1989	9	28.2	0.04
6	9	1989	9	27.25	0.86
7	9	1989	9	27.07775	0.69
8	9	1989	9	27.61945	0.99
9	9	1989	9	28.23885	0.49
10	9	1989	9	28.4333	5.82
11	9	1989	9	27.2611	4.69
12	9	1989	9	26.825	0.64
13	9	1989	9	24.75835	5.1
14	9	1989	9	19.09445	0
15	9	1989	9	18.29725	0
16	9	1989	9	19.7417	0
17	9	1989	9	20.5389	0
18	9	1989	9	21.5722	0
19	9	1989	9	22.00835	0
20	9	1989	9	22.3028	0
21	9	1989	9	23.0167	0
22	9	1989	9	22.32775	0
23	9	1989	9	19.52775	0
24	9	1989	9	15.56945	0
25	9	1989	9	15.2861	0
26	9	1989	9	16.15555	0
27	9	1989	9	16.99445	0
28	9	1989	9	17.92225	0
29	9	1989	9	18.51665	0
30	9	1989	9	20	0
1	10	1989	10	21.8861	0
2	10	1989	10	22.8917	0
3	10	1989	10	21.91115	0.01
4	10	1989	10	22.3361	0.26
5	10	1989	10	25.1611	0.5
6	10	1989	10	25.88055	18.95
7	10	1989	10	21.47225	18.03
8	10	1989	10	18.1083	0
9	10	1989	10	17.45555	0
10	10	1989	10	18.7861	0
11	10	1989	10	19.83615	0
12	10	1989	10	20.2861	0
13	10	1989	10	19.7028	0
14	10	1989	10	20.2278	0
15	10	1989	10	20.7306	0
16	10	1989	10	20.11945	0
17	10	1989	10	16.61945	0
18	10	1989	10	12.2472	0.27
19	10	1989	10	7.75555	0
20	10	1989	10	10.23885	0
21	10	1989	10	12.94725	0
22	10	1989	10	18.58335	0
23	10	1989	10	20.61945	0.02
24	10	1989	10	21.09445	0.01
25	10	1989	10	21.2	0
26	10	1989	10	21.34445	1.72
27	10	1989	10	21.2333	20.44
28	10	1989	10	19.91945	19.69
29	10	1989	10	19.28335	9.41
30	10	1989	10	16.28055	11.04
31	10	1989	10	8.8361	0.24
1	11	1989	11	11.3083	0
2	11	1989	11	10.5528	0
3	11	1989	11	7.3806	0
4	11	1989	11	11.11665	0
5	11	1989	11	17.3889	0
6	11	1989	11	20.0472	0
7	11	1989	11	21.39445	0
8	11	1989	11	20.35	0
9	11	1989	11	14.48335	0
10	11	1989	11	14.09445	0
11	11	1989	11	14.99165	0.48
12	11	1989	11	17.22225	0.27
13	11	1989	11	18.24165	6.38
14	11	1989	11	20.40835	0
15	11	1989	11	17.5028	0
16	11	1989	11	7.3083	0.07
17	11	1989	11	7.56665	0.1
18	11	1989	11	10.0639	0.04
19	11	1989	11	12.7889	1.14
20	11	1989	11	16.00555	1.03
21	11	1989	11	18.30555	0.29
22	11	1989	11	17.82225	11.5
23	11	1989	11	8.8	0.06
24	11	1989	11	8.73055	0
25	11	1989	11	12.99445	0.03
26	11	1989	11	15.79165	0
27	11	1989	11	16.6639	0.13
28	11	1989	11	11.4861	0.27
29	11	1989	11	7.12225	0.26
30	11	1989	11	4.46115	8.08
1	12	1989	12	3.95	1.24
2	12	1989	12	6.62775	0.76
3	12	1989	12	7.55	0
4	12	1989	12	6.94445	0
5	12	1989	12	10.025	0
6	12	1989	12	13.6861	0
7	12	1989	12	10.925	0.26
8	12	1989	12	5.54445	0.06
9	12	1989	12	4.26115	0.09
10	12	1989	12	8.5861	0.03
11	12	1989	12	6.41945	0
12	12	1989	12	-0.175	0
13	12	1989	12	1.2583	0
14	12	1989	12	4.2889	0
15	12	1989	12	5.18055	0
16	12	1989	12	-3.6889	0
17	12	1989	12	-4.3083	0
18	12	1989	12	0.6472	0
19	12	1989	12	2.5361	0.04
20	12	1989	12	1.82225	0
21	12	1989	12	0.5611	0
22	12	1989	12	-8.4278	0
23	12	1989	12	-10.35835	0
24	12	1989	12	-4.56385	0
25	12	1989	12	3.5472	0
26	12	1989	12	7.66665	0
27	12	1989	12	9.70555	0
28	12	1989	12	9.8111	0.04
29	12	1989	12	11.7222	0.24
30	12	1989	12	9.8056	0.36
31	12	1989	12	6.76945	0.18
1	1	1990	1	5.75	0.08
2	1	1990	1	7.6722	0.09
3	1	1990	1	12.25555	2.87
4	1	1990	1	12.0611	0.6
5	1	1990	1	7.69445	0.23
6	1	1990	1	6.1889	7.16
7	1	1990	1	6.4694	0
8	1	1990	1	8.4306	0
9	1	1990	1	10.7139	0
10	1	1990	1	11.55	0
11	1	1990	1	13.5389	0
12	1	1990	1	11.6	0
13	1	1990	1	4.77225	0
14	1	1990	1	8.5111	0.07
15	1	1990	1	15.5083	0.11
16	1	1990	1	17.69725	3.25
17	1	1990	1	19.49165	1.04
18	1	1990	1	18.275	0.84
19	1	1990	1	16.15555	2.89
20	1	1990	1	12.575	0.14
21	1	1990	1	9.22775	0.02
22	1	1990	1	10.2333	0
23	1	1990	1	11.49445	0.08
24	1	1990	1	15.125	0.22
25	1	1990	1	9.31665	0
26	1	1990	1	6.7028	0.01
27	1	1990	1	11.3278	0.22
28	1	1990	1	10.3028	5.37
29	1	1990	1	5.8667	0.08
30	1	1990	1	9.1889	0.06
31	1	1990	1	10.7361	1.96
1	2	1990	2	14.0611	26.44
2	2	1990	2	11.3778	0.19
3	2	1990	2	11.1472	0.04
4	2	1990	2	7.33335	0
5	2	1990	2	7.0472	0
6	2	1990	2	10.23055	0.59
7	2	1990	2	11.95	0
8	2	1990	2	15.075	0
9	2	1990	2	19.24445	1.32
10	2	1990	2	13.33055	0
11	2	1990	2	12.06665	0
12	2	1990	2	13.45	0
13	2	1990	2	15.7833	0
14	2	1990	2	17.8278	0.25
15	2	1990	2	18.0806	0.01
16	2	1990	2	10.59725	0
17	2	1990	2	8.25	0.1
18	2	1990	2	8.875	1.65
19	2	1990	2	11.1583	0.62
20	2	1990	2	12.8361	4.72
21	2	1990	2	11.2139	35.78
22	2	1990	2	9.1278	0
23	2	1990	2	9.20835	0
24	2	1990	2	11.57225	0
25	2	1990	2	12.275	0.02
26	2	1990	2	14.09445	0
27	2	1990	2	15.64725	11.24
28	2	1990	2	13.0611	13.88
1	3	1990	3	4.9222	7.28
2	3	1990	3	5.8361	0
3	3	1990	3	9.7639	0
4	3	1990	3	12.96665	0
5	3	1990	3	15.04165	0.21
6	3	1990	3	16.64165	0.64
7	3	1990	3	15.9972	6.12
8	3	1990	3	16.075	2.37
9	3	1990	3	19.3972	0.5
10	3	1990	3	20.31945	1.5
11	3	1990	3	20.85555	12.03
12	3	1990	3	21.1389	0.28
13	3	1990	3	19.90835	4.29
14	3	1990	3	17.03055	23.08
15	3	1990	3	11.8111	0
16	3	1990	3	12.2778	0.08
17	3	1990	3	11.88885	0
18	3	1990	3	13.8611	0
19	3	1990	3	14.2167	0.49
20	3	1990	3	9.6528	0
21	3	1990	3	13.325	0
22	3	1990	3	17.40555	0
23	3	1990	3	18.68335	0.06
24	3	1990	3	16.5528	0.18
25	3	1990	3	6.4389	0.34
26	3	1990	3	4.15555	2.53
27	3	1990	3	7.5	4.94
28	3	1990	3	12.92775	3.31
29	3	1990	3	17.3778	8.29
30	3	1990	3	15.80275	5.26
31	3	1990	3	14.41945	0.77
1	4	1990	4	16.24725	2.42
2	4	1990	4	17.6833	8.37
3	4	1990	4	14.8333	0.24
4	4	1990	4	15.8139	0.14
5	4	1990	4	17.41665	0.17
6	4	1990	4	13.8361	2.12
7	4	1990	4	9.7361	0.01
8	4	1990	4	11.3611	0.56
9	4	1990	4	15.98885	1.8
10	4	1990	4	19.38885	0.08
11	4	1990	4	14.33055	0.17
12	4	1990	4	13.30555	0.09
13	4	1990	4	15.5389	3.53
14	4	1990	4	19.9889	0.57
15	4	1990	4	20.8139	0
16	4	1990	4	20.45	0.11
17	4	1990	4	20.04165	6.17
18	4	1990	4	17.1583	0.92
19	4	1990	4	17.78055	4.98
20	4	1990	4	20.69165	0.01
21	4	1990	4	22.15555	0.02
22	4	1990	4	21.55555	0
23	4	1990	4	21.83335	0.04
24	4	1990	4	21.6111	3.78
25	4	1990	4	21.88885	0.78
26	4	1990	4	18.375	54.42
27	4	1990	4	19.6361	0.26
28	4	1990	4	18.82775	0
29	4	1990	4	22.8306	0
30	4	1990	4	23.9	0
1	5	1990	5	19.84445	8.25
2	5	1990	5	18.56945	40.81
3	5	1990	5	18.3472	39.03
4	5	1990	5	16.7889	0.15
5	5	1990	5	16.10275	0.08
6	5	1990	5	16.6917	0
7	5	1990	5	17.0111	0
8	5	1990	5	19.6667	0.38
9	5	1990	5	23.6361	0
10	5	1990	5	20.35555	0.02
11	5	1990	5	20.9889	0.52
12	5	1990	5	24.84445	0.27
13	5	1990	5	23.1278	0
14	5	1990	5	24.37775	0
15	5	1990	5	26.0889	0
16	5	1990	5	26.325	0.05
17	5	1990	5	25.025	5.42
18	5	1990	5	24.38615	1.5
19	5	1990	5	26.13615	0
20	5	1990	5	26.74445	0.82
21	5	1990	5	25.375	2.38
22	5	1990	5	25.2861	0.91
23	5	1990	5	24.1639	0
24	5	1990	5	25.6889	0.02
25	5	1990	5	26.1639	0
26	5	1990	5	26.6722	0
27	5	1990	5	27.55275	0.13
28	5	1990	5	25.5722	2.31
29	5	1990	5	24.47775	0.17
30	5	1990	5	25.975	1.97
31	5	1990	5	27.7694	0
1	6	1990	6	28.7833	0.14
2	6	1990	6	29.30835	0.04
3	6	1990	6	29.06665	7
4	6	1990	6	26.0139	3.68
5	6	1990	6	27.04725	0.01
6	6	1990	6	28.2611	0
7	6	1990	6	28.3639	0.14
8	6	1990	6	27.89445	0
9	6	1990	6	27.06665	0
10	6	1990	6	25.89725	0
11	6	1990	6	25.9	0.02
12	6	1990	6	27.20555	0
13	6	1990	6	28.13335	0
14	6	1990	6	28.74165	0
15	6	1990	6	28.93335	0
16	6	1990	6	28.43055	0
17	6	1990	6	28.67225	0
18	6	1990	6	27.8861	0
19	6	1990	6	27.54445	0
20	6	1990	6	27.71115	0
21	6	1990	6	27.55555	0
22	6	1990	6	28.7222	0
23	6	1990	6	29.13335	0.13
24	6	1990	6	29.61945	0.02
25	6	1990	6	29.58335	0
26	6	1990	6	29.4139	0
27	6	1990	6	28.86945	0
28	6	1990	6	28.48335	0.13
29	6	1990	6	28.1278	0.82
30	6	1990	6	27.3222	1.09
1	7	1990	7	26.92775	0.01
2	7	1990	7	27.82225	0
3	7	1990	7	27.86945	0
4	7	1990	7	27.8139	0.05
5	7	1990	7	28.5389	0.12
6	7	1990	7	28.49445	2.81
7	7	1990	7	25.6444	1.12
8	7	1990	7	26.49445	0.79
9	7	1990	7	27.0333	0.29
10	7	1990	7	27.5639	0.02
11	7	1990	7	27.58335	2
12	7	1990	7	27.175	3.9
13	7	1990	7	25.4667	0.22
14	7	1990	7	24.3417	4.92
15	7	1990	7	22.71115	57.47
16	7	1990	7	20.53335	18.44
17	7	1990	7	21.9639	21.9
18	7	1990	7	22.4139	22.16
19	7	1990	7	23.6111	3.78
20	7	1990	7	24.33055	0.26
21	7	1990	7	26.03055	0.41
22	7	1990	7	26.3111	0.17
23	7	1990	7	25.8111	8.27
24	7	1990	7	25.3333	12.62
25	7	1990	7	26.0889	1.5
26	7	1990	7	26.11665	0.01
27	7	1990	7	26.54445	0
28	7	1990	7	26.1361	0
29	7	1990	7	26.32775	0.01
30	7	1990	7	26.48615	13.83
31	7	1990	7	25.19165	8.78
1	8	1990	8	24.5639	0.74
2	8	1990	8	25.77225	5.26
3	8	1990	8	25.78335	24.52
4	8	1990	8	26.90555	0.05
5	8	1990	8	26.38055	0.01
6	8	1990	8	25.10275	0
7	8	1990	8	23.50835	0
8	8	1990	8	23.4139	0.06
9	8	1990	8	24.725	0.05
10	8	1990	8	25.35555	3.32
11	8	1990	8	25.29165	0.07
12	8	1990	8	25.56665	0
13	8	1990	8	26.0028	0.41
14	8	1990	8	26.84165	0.04
15	8	1990	8	27.05	0.03
16	8	1990	8	27.08055	0.01
17	8	1990	8	27.2889	0.16
18	8	1990	8	27.50835	0.05
19	8	1990	8	28.1194	0
20	8	1990	8	27.7417	0
21	8	1990	8	26.9278	1.67
22	8	1990	8	26.8278	11.83
23	8	1990	8	26.96945	0.28
24	8	1990	8	27.2472	0
25	8	1990	8	27.92775	0
26	8	1990	8	27.3667	0
27	8	1990	8	26.96665	0
28	8	1990	8	27.8444	0.01
29	8	1990	8	27.7611	0.29
30	8	1990	8	27.7	0
31	8	1990	8	28.0667	0.65
1	9	1990	9	27.2139	8.49
2	9	1990	9	24.7056	0.83
3	9	1990	9	23.8194	1.15
4	9	1990	9	24.9361	0.04
5	9	1990	9	25.3028	0.32
6	9	1990	9	26.26945	0.04
7	9	1990	9	26.06115	0.08
8	9	1990	9	26.47775	3.02
9	9	1990	9	25.54445	27.58
10	9	1990	9	23.76665	4.51
11	9	1990	9	23.48335	1.26
12	9	1990	9	23.1333	1.5
13	9	1990	9	23.79165	0
14	9	1990	9	24.61665	1.05
15	9	1990	9	25.40275	5.27
16	9	1990	9	25.2278	5.64
17	9	1990	9	25.1111	0.87
18	9	1990	9	26.4833	1.45
19	9	1990	9	25.60555	5.08
20	9	1990	9	25.12225	1.51
21	9	1990	9	26.20835	1.47
22	9	1990	9	25.1611	2.94
23	9	1990	9	21.45835	1.4
24	9	1990	9	18.0028	0.01
25	9	1990	9	19.6	0
26	9	1990	9	21.4361	0
27	9	1990	9	23.0611	0
28	9	1990	9	23.41945	0
29	9	1990	9	22.48335	0
30	9	1990	9	22.52775	0
1	10	1990	10	22.40555	0
2	10	1990	10	22.43615	0
3	10	1990	10	22.49165	0.48
4	10	1990	10	23.50275	0.4
5	10	1990	10	24.24445	0.09
6	10	1990	10	25.39445	0
7	10	1990	10	26.5889	3.88
8	10	1990	10	26.3444	3.74
9	10	1990	10	16.3	33.79
10	10	1990	10	9.8528	0.99
11	10	1990	10	12.0861	0
12	10	1990	10	14.04725	0
13	10	1990	10	16.19445	0
14	10	1990	10	18.9806	0.01
15	10	1990	10	21.16115	0.16
16	10	1990	10	21.4361	0.19
17	10	1990	10	22.9472	9.32
18	10	1990	10	17.61385	0.03
19	10	1990	10	13.0639	0.68
20	10	1990	10	16.36665	0.25
21	10	1990	10	13.61385	31.6
22	10	1990	10	9.55	0
23	10	1990	10	11.375	0
24	10	1990	10	12.92225	0
25	10	1990	10	14	0
26	10	1990	10	14.3278	0
27	10	1990	10	15.24445	0
28	10	1990	10	16.36945	0
29	10	1990	10	16.00275	0
30	10	1990	10	16.34445	0
31	10	1990	10	17.67225	0.19
1	11	1990	11	18.47775	0.08
2	11	1990	11	18.8222	1.84
3	11	1990	11	19.95	1.04
4	11	1990	11	12.15	21.17
5	11	1990	11	7.55275	0.03
6	11	1990	11	11.0611	0.73
7	11	1990	11	11.9472	2.14
8	11	1990	11	8.70275	22.53
9	11	1990	11	9.9111	0.03
10	11	1990	11	10.13335	0
11	11	1990	11	11.775	0
12	11	1990	11	11.96115	0
13	11	1990	11	12.63055	0
14	11	1990	11	12.45	0.02
15	11	1990	11	15.4	0
16	11	1990	11	16.825	0
17	11	1990	11	17.5278	0
18	11	1990	11	17.6083	0.04
19	11	1990	11	17.8194	0
20	11	1990	11	19.7722	0.01
21	11	1990	11	21.25555	1.11
22	11	1990	11	19.61385	9.66
23	11	1990	11	16.43055	0.22
24	11	1990	11	14.01665	0
25	11	1990	11	17.24165	0.02
26	11	1990	11	20.3722	0.21
27	11	1990	11	21.2306	0.04
28	11	1990	11	11.96665	0
29	11	1990	11	7.9444	0
30	11	1990	11	6.69165	0
1	12	1990	12	10.6	0.01
2	12	1990	12	15.15555	0.71
3	12	1990	12	9.95275	0
4	12	1990	12	3.89725	0
5	12	1990	12	3.66665	0
6	12	1990	12	7.3	0
7	12	1990	12	7.875	0
8	12	1990	12	5.89445	0
9	12	1990	12	7.7	0
10	12	1990	12	8.3389	0
11	12	1990	12	11.16385	0
12	12	1990	12	15.63055	0
13	12	1990	12	14.075	0
14	12	1990	12	14.975	0.03
15	12	1990	12	15.925	0.02
16	12	1990	12	14.91115	0.26
17	12	1990	12	17.55275	0.15
18	12	1990	12	13.45275	0.66
19	12	1990	12	9.8361	0
20	12	1990	12	12.65835	0.05
21	12	1990	12	13.6417	0.04
22	12	1990	12	-3.6111	0.01
23	12	1990	12	-6.2194	0
24	12	1990	12	-3.35835	0.08
25	12	1990	12	-0.06115	0.05
26	12	1990	12	3.08335	1.04
27	12	1990	12	6.475	0.22
28	12	1990	12	8.5	1.29
29	12	1990	12	12.8111	3.6
30	12	1990	12	8.0056	0.34
31	12	1990	12	1.03055	0.01