1	1	1991	1	3.6389	0.02
2	1	1991	1	8.575	16.66
3	1	1991	1	4.69445	3.69
4	1	1991	1	1.91665	2.53
5	1	1991	1	5.8917	1.3
6	1	1991	1	9.1417	2.5
7	1	1991	1	4.4583	0.18
8	1	1991	1	4.775	0.07
9	1	1991	1	6.96945	14
10	1	1991	1	7.35555	2.06
11	1	1991	1	4.83885	0.23
12	1	1991	1	5.7611	0
13	1	1991	1	6.93055	0
14	1	1991	1	9.0417	0.1
15	1	1991	1	11.1667	0
16	1	1991	1	8.15	0.13
17	1	1991	1	8.2639	8.2
18	1	1991	1	7.59445	21.58
19	1	1991	1	8.5222	0.02
20	1	1991	1	7.24445	0.03
21	1	1991	1	2.8778	0.62
22	1	1991	1	3.19725	1.95
23	1	1991	1	4.63335	1.59
24	1	1991	1	7.00835	1.89
25	1	1991	1	7	0
26	1	1991	1	7.63055	0.04
27	1	1991	1	11.05555	0.07
28	1	1991	1	11.40835	0.17
29	1	1991	1	13.45	0.79
30	1	1991	1	5.51385	5
31	1	1991	1	3.7222	0
1	2	1991	2	5.58335	0
2	2	1991	2	6.80275	1.34
3	2	1991	2	8.66945	0.92
4	2	1991	2	13.4556	15.11
5	2	1991	2	15.08055	10.82
6	2	1991	2	11.23055	0.01
7	2	1991	2	10.2111	0
8	2	1991	2	9.61945	0
9	2	1991	2	10.25555	0
10	2	1991	2	12.1139	0
11	2	1991	2	14.475	0
12	2	1991	2	15.5833	0
13	2	1991	2	17.74445	0
14	2	1991	2	14.4333	0
15	2	1991	2	9.825	0.01
16	2	1991	2	8.1722	0.86
17	2	1991	2	11.59445	0.88
18	2	1991	2	17.4139	4.81
19	2	1991	2	13.18885	2.14
20	2	1991	2	8.76665	0.38
21	2	1991	2	8.8611	2.68
22	2	1991	2	10.81665	0.13
23	2	1991	2	10.54165	0.83
24	2	1991	2	10.4889	0.63
25	2	1991	2	9.2	0.18
26	2	1991	2	6.51945	0
27	2	1991	2	8.26115	0.24
28	2	1991	2	11.2361	0.51
1	3	1991	3	15.75555	3.96
2	3	1991	3	15.9611	0
3	3	1991	3	12.5694	0
4	3	1991	3	14.67225	0
5	3	1991	3	18.5389	0
6	3	1991	3	20.46115	0
7	3	1991	3	17.0889	0
8	3	1991	3	12.11945	0
9	3	1991	3	11.65	0
10	3	1991	3	10.47225	0
11	3	1991	3	14.23335	0.01
12	3	1991	3	18.91115	0
13	3	1991	3	13.34445	0
14	3	1991	3	11.2889	0.26
15	3	1991	3	9.13055	2.36
16	3	1991	3	9.95555	4.07
17	3	1991	3	13.38335	0.03
18	3	1991	3	12.9611	0
19	3	1991	3	14.99725	0.02
20	3	1991	3	16.6	0.03
21	3	1991	3	19.69445	0.07
22	3	1991	3	18.99445	0
23	3	1991	3	13.4972	0.89
24	3	1991	3	16.0583	0.62
25	3	1991	3	19.0611	0.06
26	3	1991	3	21.85275	0
27	3	1991	3	21.09165	0.01
28	3	1991	3	18.90275	1.58
29	3	1991	3	15.8	0.57
30	3	1991	3	11.525	4.77
31	3	1991	3	10.9333	0.21
1	4	1991	4	12.14725	0.02
2	4	1991	4	15.4056	0
3	4	1991	4	18.95555	0.99
4	4	1991	4	18.8861	9.41
5	4	1991	4	17.25275	27.05
6	4	1991	4	16.68335	1
7	4	1991	4	19.29445	4.17
8	4	1991	4	22.6083	0
9	4	1991	4	23.1361	0
10	4	1991	4	19.03335	0.17
11	4	1991	4	19.85835	0.85
12	4	1991	4	23.3361	0.04
13	4	1991	4	24.14445	1.72
14	4	1991	4	20.35	15.35
15	4	1991	4	16.1611	0
16	4	1991	4	17.99445	0.58
17	4	1991	4	20.89445	2.95
18	4	1991	4	22.4111	2.32
19	4	1991	4	23.11945	0.08
20	4	1991	4	18.98055	0
21	4	1991	4	17.59165	0
22	4	1991	4	19.7222	0
23	4	1991	4	18.0389	0
24	4	1991	4	18.9667	0.01
25	4	1991	4	23.41945	0.01
26	4	1991	4	24.9778	0.08
27	4	1991	4	22.82775	2
28	4	1991	4	21.04445	10.13
29	4	1991	4	18.80555	0
30	4	1991	4	18.64165	0.53
1	5	1991	5	19.7389	0.16
2	5	1991	5	21.10555	16.86
3	5	1991	5	21.8528	7.18
4	5	1991	5	22.05	15.38
5	5	1991	5	19.15835	0.04
6	5	1991	5	15.48615	0.08
7	5	1991	5	17.4389	0.03
8	5	1991	5	19.35555	26.59
9	5	1991	5	20.31945	0.23
10	5	1991	5	22.1083	0.22
11	5	1991	5	24.63055	0.58
12	5	1991	5	25.79725	0.37
13	5	1991	5	22.94725	6.49
14	5	1991	5	23.19445	0.46
15	5	1991	5	24.5611	0.7
16	5	1991	5	23.5583	9.45
17	5	1991	5	21.90835	0.07
18	5	1991	5	22.6333	0.3
19	5	1991	5	22.85275	1.77
20	5	1991	5	23.36945	0.04
21	5	1991	5	23.15	0
22	5	1991	5	24.025	0.03
23	5	1991	5	24.64725	0.06
24	5	1991	5	24.6111	4.95
25	5	1991	5	25.5278	0.14
26	5	1991	5	26.1889	0.02
27	5	1991	5	26.3722	0
28	5	1991	5	25.68055	0
29	5	1991	5	26.6889	0.04
30	5	1991	5	27.225	0
31	5	1991	5	27	0
1	6	1991	6	27.05555	0.22
2	6	1991	6	26.7611	0.3
3	6	1991	6	25.1417	6.13
4	6	1991	6	24.24725	0.44
5	6	1991	6	26.6972	0.35
6	6	1991	6	26.3	1.61
7	6	1991	6	24.51665	2.6
8	6	1991	6	24.23885	5.74
9	6	1991	6	22.7222	0.18
10	6	1991	6	23.15835	1.24
11	6	1991	6	24.46945	25.5
12	6	1991	6	24.6278	8.34
13	6	1991	6	26.09725	0.22
14	6	1991	6	26.61665	2.11
15	6	1991	6	24.9	10.33
16	6	1991	6	26.35555	6.82
17	6	1991	6	25.2639	0.23
18	6	1991	6	26.35	0
19	6	1991	6	26.63335	0
20	6	1991	6	26.14445	0.02
21	6	1991	6	27.2861	0.33
22	6	1991	6	27.775	19.44
23	6	1991	6	25.6222	1.33
24	6	1991	6	25.14725	0.06
25	6	1991	6	25.5	0.09
26	6	1991	6	26.7028	0
27	6	1991	6	26.9111	0.01
28	6	1991	6	26.8	0.07
29	6	1991	6	24.47225	5.47
30	6	1991	6	24.2528	5.5
1	7	1991	7	24.70835	0.55
2	7	1991	7	25.85275	0.7
3	7	1991	7	25.95835	2.52
4	7	1991	7	25.46945	4.78
5	7	1991	7	25.1361	2.73
6	7	1991	7	26.05	0
7	7	1991	7	26.55	1.28
8	7	1991	7	26.03335	2.84
9	7	1991	7	26.375	0
10	7	1991	7	26.8722	0
11	7	1991	7	26.46665	0
12	7	1991	7	26.8667	0.02
13	7	1991	7	27.00555	0.08
14	7	1991	7	27.62225	0.4
15	7	1991	7	27.21665	0.01
16	7	1991	7	26.75275	0.28
17	7	1991	7	26.98055	2.78
18	7	1991	7	26.95275	0.08
19	7	1991	7	27.3528	0.01
20	7	1991	7	27.65	0
21	7	1991	7	27.34165	4.72
22	7	1991	7	26.2917	3.9
23	7	1991	7	25.625	4.25
24	7	1991	7	26.3389	0.45
25	7	1991	7	27.3639	0.07
26	7	1991	7	27.5389	0.44
27	7	1991	7	27.71945	0.12
28	7	1991	7	27.6778	0.11
29	7	1991	7	27.78055	3.32
30	7	1991	7	27.4278	0.5
31	7	1991	7	27.4194	0
1	8	1991	8	27.6389	0
2	8	1991	8	27.30555	0
3	8	1991	8	27.91945	0.51
4	8	1991	8	28.13335	0.07
5	8	1991	8	26.2528	0.32
6	8	1991	8	26.7694	0.82
7	8	1991	8	26.69725	0.87
8	8	1991	8	26.6889	0.09
9	8	1991	8	27.36945	2.12
10	8	1991	8	27.575	0.11
11	8	1991	8	28.20835	0.06
12	8	1991	8	28.8389	0.01
13	8	1991	8	28.64165	2.31
14	8	1991	8	27.825	6.11
15	8	1991	8	27.025	10.62
16	8	1991	8	27.59725	0.51
17	8	1991	8	28.40555	4.19
18	8	1991	8	27.7222	3.47
19	8	1991	8	27.16945	0
20	8	1991	8	26.84165	0.02
21	8	1991	8	27.9722	3.02
22	8	1991	8	28.26945	8.12
23	8	1991	8	26.86945	7.51
24	8	1991	8	25.6833	0.24
25	8	1991	8	25.72775	0
26	8	1991	8	25.3611	0
27	8	1991	8	25.35835	0
28	8	1991	8	26.63055	0.53
29	8	1991	8	28.11945	0.45
30	8	1991	8	28.04165	6.75
31	8	1991	8	26.3	1.01
1	9	1991	9	25.0833	8.64
2	9	1991	9	25.2639	26.37
3	9	1991	9	24.3389	4.41
4	9	1991	9	24.1667	2.84
5	9	1991	9	24.225	2.43
6	9	1991	9	24.11115	5.64
7	9	1991	9	24.6889	13.9
8	9	1991	9	25.375	0.07
9	9	1991	9	26.23615	0.02
10	9	1991	9	25.52225	1.26
11	9	1991	9	25.0222	0.5
12	9	1991	9	24.9361	1.57
13	9	1991	9	25.59165	3.77
14	9	1991	9	25.26665	18.9
15	9	1991	9	24.65835	36.09
16	9	1991	9	24.90835	5.77
17	9	1991	9	24.81385	0.99
18	9	1991	9	25.2	7.54
19	9	1991	9	15.99165	12.26
20	9	1991	9	12.46665	6.02
21	9	1991	9	16.74445	0.8
22	9	1991	9	21.49445	1.55
23	9	1991	9	22.69165	6.65
24	9	1991	9	23.3333	0.59
25	9	1991	9	18.0889	0
26	9	1991	9	18.46115	0
27	9	1991	9	18.60275	0
28	9	1991	9	18.5972	0
29	9	1991	9	17.76945	0
30	9	1991	9	18.7611	0
1	10	1991	10	19.96115	5.85
2	10	1991	10	20.80555	0.32
3	10	1991	10	21.92775	0.01
4	10	1991	10	24.18335	0
5	10	1991	10	20.1	0
6	10	1991	10	16.81665	0
7	10	1991	10	14.88335	0
8	10	1991	10	16.37775	0
9	10	1991	10	17.6917	0
10	10	1991	10	18.8528	0
11	10	1991	10	21.00555	0
12	10	1991	10	22.68335	0.03
13	10	1991	10	22.375	0.03
14	10	1991	10	21.69445	0
15	10	1991	10	19.98885	0
16	10	1991	10	18.78055	0
17	10	1991	10	19.4861	0.01
18	10	1991	10	21.2722	0
19	10	1991	10	19.3667	0.1
20	10	1991	10	18.675	0.01
21	10	1991	10	17.56665	0
22	10	1991	10	19.375	0
23	10	1991	10	24.0667	0
24	10	1991	10	24.89725	0
25	10	1991	10	24.7056	0.05
26	10	1991	10	24.05835	0.41
27	10	1991	10	23.3139	2.92
28	10	1991	10	24.0028	6.47
29	10	1991	10	20.66945	28.93
30	10	1991	10	10.4056	3.39
31	10	1991	10	6.11665	15.27
1	11	1991	11	6.00275	0
2	11	1991	11	5.3167	0.21
3	11	1991	11	3.1472	0
4	11	1991	11	1.6389	0
5	11	1991	11	4.28885	0.01
6	11	1991	11	9.44165	0
7	11	1991	11	13.225	0.03
8	11	1991	11	7.16665	0.03
9	11	1991	11	5.53335	0
10	11	1991	11	8.5444	0
11	11	1991	11	11.525	0
12	11	1991	11	13.68055	1.17
13	11	1991	11	13.93885	0.03
14	11	1991	11	16.6389	0.07
15	11	1991	11	19.8778	0.65
16	11	1991	11	20.9583	13.72
17	11	1991	11	15.34445	12.43
18	11	1991	11	15.09165	0.02
19	11	1991	11	16.04165	0.2
20	11	1991	11	12.7778	0.01
21	11	1991	11	8.6	0
22	11	1991	11	11.5139	0
23	11	1991	11	9.325	0
24	11	1991	11	4.25275	0
25	11	1991	11	5.5861	0
26	11	1991	11	9.5611	0.46
27	11	1991	11	15.4889	0.5
28	11	1991	11	18.48335	0.18
29	11	1991	11	20.3167	0
30	11	1991	11	17.35	0.08
1	12	1991	12	6.0861	0.93
2	12	1991	12	5.21945	0.67
3	12	1991	12	6.50835	0
4	12	1991	12	4.96385	0
5	12	1991	12	7.2139	0.02
6	12	1991	12	11.38055	0
7	12	1991	12	16.0111	0.68
8	12	1991	12	18.11945	5.63
9	12	1991	12	17.0222	0.26
10	12	1991	12	14.2861	2.65
11	12	1991	12	14.33335	4.22
12	12	1991	12	17.2111	0.21
13	12	1991	12	15.62225	2.33
14	12	1991	12	11.9528	0.03
15	12	1991	12	5.5139	0
16	12	1991	12	6.85	0.18
17	12	1991	12	7.98335	8.68
18	12	1991	12	10.2861	23.19
19	12	1991	12	13.35555	73.21
20	12	1991	12	15.55835	79.52
21	12	1991	12	12.20835	76.15
22	12	1991	12	12.00275	7.71
23	12	1991	12	10.5889	0.06
24	12	1991	12	7.26385	0.21
25	12	1991	12	4.67775	2.24
26	12	1991	12	5.08055	10.11
27	12	1991	12	6.25555	0.05
28	12	1991	12	6.375	0.94
29	12	1991	12	6.2	0.17
30	12	1991	12	7.8222	0.31
31	12	1991	12	9.81945	0.55
1	1	1992	1	11.6583	7.33
2	1	1992	1	10.6833	4.37
3	1	1992	1	9.0861	0.93
4	1	1992	1	8.7667	4.04
5	1	1992	1	10.3167	1.07
6	1	1992	1	11.3278	0.14
7	1	1992	1	12.91665	1.5
8	1	1992	1	12.22225	0.14
9	1	1992	1	9.64165	0.06
10	1	1992	1	9.0139	0.25
11	1	1992	1	7.65555	4.2
12	1	1992	1	9.12775	0.73
13	1	1992	1	8.2583	0
14	1	1992	1	3.475	0
15	1	1992	1	3.95835	0
16	1	1992	1	0.275	0.33
17	1	1992	1	0.7222	14.06
18	1	1992	1	2.80275	6.62
19	1	1992	1	3.5611	0.27
20	1	1992	1	3.8	0.31
21	1	1992	1	4.33055	5.7
22	1	1992	1	9.0389	0.84
23	1	1992	1	8.7028	0.04
24	1	1992	1	6.84445	0.38
25	1	1992	1	7.30835	6.68
26	1	1992	1	9.00835	33.75
27	1	1992	1	9.99445	0.92
28	1	1992	1	9.0222	1.09
29	1	1992	1	9.1972	0.11
30	1	1992	1	11.0389	0.04
31	1	1992	1	11.6417	0.53
1	2	1992	2	10.90555	7.91
2	2	1992	2	9.6	24.08
3	2	1992	2	11.4889	46.7
4	2	1992	2	9.85835	19.54
5	2	1992	2	8.3722	0.12
6	2	1992	2	8.09165	0
7	2	1992	2	8.2194	0
8	2	1992	2	6.90275	0.02
9	2	1992	2	8.74445	0.38
10	2	1992	2	12.4222	0.04
11	2	1992	2	15.34165	0.45
12	2	1992	2	16.93055	0
13	2	1992	2	16.2611	0.03
14	2	1992	2	17.70555	0.06
15	2	1992	2	15.3722	0.01
16	2	1992	2	13.5333	1.18
17	2	1992	2	14.63055	0.16
18	2	1992	2	12.175	0.01
19	2	1992	2	11.0639	0
20	2	1992	2	10.9889	0
21	2	1992	2	12.2528	1.32
22	2	1992	2	15.375	10.84
23	2	1992	2	14.27225	1.08
24	2	1992	2	12.7639	42.51
25	2	1992	2	7.85835	1.38
26	2	1992	2	7.48055	0
27	2	1992	2	10.19445	0
28	2	1992	2	12.26115	0
29	2	1992	2	14.2944	0
1	3	1992	3	14.8861	0.12
2	3	1992	3	14.08615	7.44
3	3	1992	3	18.53615	21.2
4	3	1992	3	16.8611	36.79
5	3	1992	3	16.9639	0
6	3	1992	3	15.9833	0
7	3	1992	3	15.5056	0
8	3	1992	3	16.86665	0.17
9	3	1992	3	17.8833	1.71
10	3	1992	3	8.35835	0.03
11	3	1992	3	4.6639	0.72
12	3	1992	3	8.975	0.2
13	3	1992	3	12.23335	0
14	3	1992	3	14.925	0
15	3	1992	3	16.3611	0.09
16	3	1992	3	16.40835	0.6
17	3	1992	3	17.36665	7.82
18	3	1992	3	17.95555	0.66
19	3	1992	3	15.2333	0
20	3	1992	3	12.23055	0.01
21	3	1992	3	13.04445	0.03
22	3	1992	3	15.5333	0.49
23	3	1992	3	10.64445	0
24	3	1992	3	12.6278	0
25	3	1992	3	17.18055	0
26	3	1992	3	16.2611	0.58
27	3	1992	3	16.05	25.64
28	3	1992	3	15.2528	16.77
29	3	1992	3	18.2889	0.37
30	3	1992	3	16.08335	0
31	3	1992	3	12.7	0
1	4	1992	4	13.0917	0.03
2	4	1992	4	8.98885	0.67
3	4	1992	4	10.275	0.52
4	4	1992	4	12.9083	0.21
5	4	1992	4	13.61945	24.88
6	4	1992	4	15.06665	0.67
7	4	1992	4	17.44445	0.03
8	4	1992	4	18.35555	0
9	4	1992	4	18.4139	0
10	4	1992	4	19.51665	0
11	4	1992	4	21.52225	0.01
12	4	1992	4	22.2722	0.05
13	4	1992	4	21.19165	1.4
14	4	1992	4	19.6778	0.04
15	4	1992	4	20.8389	0.24
16	4	1992	4	20.58335	2.05
17	4	1992	4	18.18055	18.22
18	4	1992	4	18.61385	0.85
19	4	1992	4	19.6028	0.78
20	4	1992	4	16.2083	0.07
21	4	1992	4	15.7972	0
22	4	1992	4	18.2	0
23	4	1992	4	20.63615	0.01
24	4	1992	4	22.2861	0.37
25	4	1992	4	19.00835	0.68
26	4	1992	4	17.275	0.03
27	4	1992	4	17.35555	0
28	4	1992	4	19.05275	0.02
29	4	1992	4	21.4889	0
30	4	1992	4	19.15555	0.01
1	5	1992	5	20.4417	0
2	5	1992	5	22.25275	0.06
3	5	1992	5	22.6222	2.69
4	5	1992	5	20.9472	4.05
5	5	1992	5	20.0361	0.24
6	5	1992	5	19.16665	0
7	5	1992	5	15.18055	0
8	5	1992	5	15.71945	0
9	5	1992	5	16.46945	0.38
10	5	1992	5	19.20835	0.11
11	5	1992	5	23	0.01
12	5	1992	5	26.35	0.13
13	5	1992	5	26.275	0.86
14	5	1992	5	23.66385	16.39
15	5	1992	5	21.23055	7.13
16	5	1992	5	21.11385	13.42
17	5	1992	5	21.8194	4.43
18	5	1992	5	21.95	15.17
19	5	1992	5	21.6667	22.69
20	5	1992	5	21.85	11.91
21	5	1992	5	21.22225	48.69
22	5	1992	5	21.125	0.25
23	5	1992	5	22.69165	0.01
24	5	1992	5	22.3722	0.62
25	5	1992	5	21.825	5.97
26	5	1992	5	21.6389	4.89
27	5	1992	5	20.9611	15.21
28	5	1992	5	20.86115	0.55
29	5	1992	5	17.51115	0
30	5	1992	5	17.0028	0.09
31	5	1992	5	18.3139	10.76
1	6	1992	6	22	4.64
2	6	1992	6	21.9222	15.18
3	6	1992	6	21.7611	1.99
4	6	1992	6	23.98335	0.11
5	6	1992	6	25.17775	0.07
6	6	1992	6	25.97225	10.16
7	6	1992	6	24.06945	14.12
8	6	1992	6	24.3111	0.1
9	6	1992	6	23.275	22.62
10	6	1992	6	23.3861	1.12
11	6	1992	6	24.8111	6.41
12	6	1992	6	24.7056	5.5
13	6	1992	6	25.06945	0
14	6	1992	6	26.44165	0
15	6	1992	6	26.925	0
16	6	1992	6	27.1861	0
17	6	1992	6	26.925	0
18	6	1992	6	26.93335	0
19	6	1992	6	26.8361	0
20	6	1992	6	26.6056	0
21	6	1992	6	26.13335	0
22	6	1992	6	25.86115	0
23	6	1992	6	26.175	0
24	6	1992	6	27.21945	0.02
25	6	1992	6	27.49165	0.09
26	6	1992	6	27.5	0.04
27	6	1992	6	26.60835	0.59
28	6	1992	6	27.03055	20.24
29	6	1992	6	25.80555	9.87
30	6	1992	6	26.9278	2.49
1	7	1992	7	27.6389	0
2	7	1992	7	28.53055	0.07
3	7	1992	7	27.67225	2.93
4	7	1992	7	25.5389	0
5	7	1992	7	26.3972	0
6	7	1992	7	26.91665	0
7	7	1992	7	26.1361	0
8	7	1992	7	26.6139	0
9	7	1992	7	26.91945	0
10	7	1992	7	27.3889	0
11	7	1992	7	27.21665	0
12	7	1992	7	27.0139	0
13	7	1992	7	27.07775	0
14	7	1992	7	27.69165	0.02
15	7	1992	7	27.91665	0
16	7	1992	7	28.21665	0.05
17	7	1992	7	27.67775	0.47
18	7	1992	7	26.92225	19.55
19	7	1992	7	25.31945	12.36
20	7	1992	7	24.00555	14.74
21	7	1992	7	23.3333	6.29
22	7	1992	7	24.91945	0.82
23	7	1992	7	26.28335	0.01
24	7	1992	7	26.74165	0.04
25	7	1992	7	26.875	0
26	7	1992	7	26.9944	0
27	7	1992	7	26.93055	0
28	7	1992	7	27.2611	0
29	7	1992	7	27.00555	0
30	7	1992	7	27.1361	0
31	7	1992	7	27.0694	0
1	8	1992	8	26.58055	1.34
2	8	1992	8	27.00275	9.86
3	8	1992	8	25.7528	7.13
4	8	1992	8	26.15	0.03
5	8	1992	8	27.0667	0
6	8	1992	8	27.2583	0
7	8	1992	8	27.57775	0
8	8	1992	8	27.76945	0
9	8	1992	8	27.82225	0.25
10	8	1992	8	27.5333	1.16
11	8	1992	8	27.25555	8.99
12	8	1992	8	26.2889	0.61
13	8	1992	8	25.8361	1.82
14	8	1992	8	24.81945	1.3
15	8	1992	8	24.1917	9.79
16	8	1992	8	22.625	0.35
17	8	1992	8	22.7722	0.03
18	8	1992	8	22.63055	0
19	8	1992	8	22.94165	0.16
20	8	1992	8	23.00555	1.48
21	8	1992	8	23.77775	0.02
22	8	1992	8	24.3167	0
23	8	1992	8	24.98055	0
24	8	1992	8	26.16385	0.26
25	8	1992	8	27.1722	0.26
26	8	1992	8	26.3917	1.38
27	8	1992	8	25.2472	1.76
28	8	1992	8	22.21665	1.45
29	8	1992	8	22.65	0
30	8	1992	8	23.8528	1.81
31	8	1992	8	26.1	1.79
1	9	1992	9	27.12775	0.7
2	9	1992	9	28.03885	0.03
3	9	1992	9	27.9	5.21
4	9	1992	9	26.2611	4.83
5	9	1992	9	26.70555	0
6	9	1992	9	27.3667	0
7	9	1992	9	27.3917	0
8	9	1992	9	27.4278	0
9	9	1992	9	27.7472	0.1
10	9	1992	9	27.125	11.93
11	9	1992	9	24.5111	2.17
12	9	1992	9	23.69445	0
13	9	1992	9	24.41665	0.5
14	9	1992	9	24.81115	0.74
15	9	1992	9	24.94165	0.1
16	9	1992	9	23.2972	0.03
17	9	1992	9	24.01665	0
18	9	1992	9	25.94445	0
19	9	1992	9	26.55555	0.01
20	9	1992	9	26.64165	3.62
21	9	1992	9	26.95	0.71
22	9	1992	9	26.05835	0.15
23	9	1992	9	23.09445	0.02
24	9	1992	9	20.53055	0
25	9	1992	9	19.15835	0
26	9	1992	9	21.325	0
27	9	1992	9	24.21115	0
28	9	1992	9	22.8	0
29	9	1992	9	19.35555	0
30	9	1992	9	17.6083	0
1	10	1992	10	15.8639	0
2	10	1992	10	16.225	0
3	10	1992	10	17.4972	0
4	10	1992	10	18.75555	0
5	10	1992	10	19.0528	0
6	10	1992	10	18.99445	0
7	10	1992	10	20.3833	0.62
8	10	1992	10	16.9861	0
9	10	1992	10	16.10835	0
10	10	1992	10	20.0639	0.02
11	10	1992	10	21.5278	0
12	10	1992	10	20.4	0
13	10	1992	10	20.9778	0
14	10	1992	10	22.08055	0
15	10	1992	10	23.2694	0
16	10	1992	10	23.53335	0
17	10	1992	10	19.0417	0
18	10	1992	10	18.06665	0.01
19	10	1992	10	17.08335	0.18
20	10	1992	10	19.18055	0.01
21	10	1992	10	21.75	0.09
22	10	1992	10	21.70555	0.01
23	10	1992	10	21.46945	0
24	10	1992	10	19.67225	0
25	10	1992	10	20.24445	0
26	10	1992	10	20.25	0.02
27	10	1992	10	20.29445	0
28	10	1992	10	19.75	0
29	10	1992	10	21.3361	5.01
30	10	1992	10	21.0111	0.07
31	10	1992	10	21.8361	3.91
1	11	1992	11	18.9306	18.79
2	11	1992	11	14.63885	0
3	11	1992	11	16.4083	0.02
4	11	1992	11	10.18615	0.14
5	11	1992	11	4.225	0.04
6	11	1992	11	7.0639	0.07
7	11	1992	11	7.0278	0.04
8	11	1992	11	10.20555	5.02
9	11	1992	11	16.1639	9.96
10	11	1992	11	20.075	1.75
11	11	1992	11	19.55555	1.64
12	11	1992	11	13	2.65
13	11	1992	11	8.66945	0
14	11	1992	11	9.1	0
15	11	1992	11	9.9306	0.01
16	11	1992	11	12.225	0.02
17	11	1992	11	16.23055	0.3
18	11	1992	11	16.8278	30.32
19	11	1992	11	16.8861	47.64
20	11	1992	11	13.20275	2.18
21	11	1992	11	12.9	0.62
22	11	1992	11	9.6417	0.03
23	11	1992	11	10.0083	0.47
24	11	1992	11	11.04165	2.96
25	11	1992	11	7.19725	0
26	11	1992	11	4.4111	0
27	11	1992	11	3.2472	0
28	11	1992	11	4.86945	0
29	11	1992	11	7.575	0
30	11	1992	11	8.41945	0
1	12	1992	12	10.575	0
2	12	1992	12	10.05835	0
3	12	1992	12	8.89725	0
4	12	1992	12	10.4583	0.01
5	12	1992	12	2.88615	1.54
6	12	1992	12	4.23055	0.21
7	12	1992	12	8.9611	0.01
8	12	1992	12	9.21945	0.69
9	12	1992	12	11.50555	5.92
10	12	1992	12	12.09445	0.01
11	12	1992	12	9.15	0
12	12	1992	12	10.175	0.01
13	12	1992	12	15.8639	9
14	12	1992	12	7.29445	28.22
15	12	1992	12	5.56945	13.23
16	12	1992	12	6.71945	0
17	12	1992	12	7.06945	0
18	12	1992	12	7.79725	0.03
19	12	1992	12	13.3278	0.04
20	12	1992	12	9.66665	0.1
21	12	1992	12	8.4722	0.01
22	12	1992	12	12.61945	0.05
23	12	1992	12	15.7111	0.3
24	12	1992	12	10.85835	0
25	12	1992	12	10.13055	0.3
26	12	1992	12	9.05835	0.19
27	12	1992	12	9.70835	0.17
28	12	1992	12	12.4778	1.13
29	12	1992	12	16.875	0.32
30	12	1992	12	19.6222	0.21
31	12	1992	12	16.86665	3.8
1	1	1993	1	3.13885	1.41
2	1	1993	1	4.25275	1.69
3	1	1993	1	9.2	0.51
4	1	1993	1	11.17775	1.83
5	1	1993	1	6.64445	0.02
6	1	1993	1	5.21945	0.92
7	1	1993	1	8.5972	1.95
8	1	1993	1	11.24165	0.03
9	1	1993	1	14.1528	0.65
10	1	1993	1	3.9722	2.24
11	1	1993	1	2.55275	1.18
12	1	1993	1	8.02775	0
13	1	1993	1	5.8889	0
14	1	1993	1	4.57775	0
15	1	1993	1	9.05	0
16	1	1993	1	10.325	0
17	1	1993	1	10.6972	0.07
18	1	1993	1	12.51665	0.2
19	1	1993	1	6.925	23.35
20	1	1993	1	9.09445	0.55
21	1	1993	1	11.0639	0.03
22	1	1993	1	12.06665	0.05
23	1	1993	1	13.5222	0
24	1	1993	1	7.8556	0
25	1	1993	1	4.7472	0.02
26	1	1993	1	4.78055	0.03
27	1	1993	1	6.50835	0.01
28	1	1993	1	6.91665	1.93
29	1	1993	1	8.11665	0.65
30	1	1993	1	5.53055	0.25
31	1	1993	1	6.79445	0
1	2	1993	2	9.30835	0
2	2	1993	2	9.98055	0.24
3	2	1993	2	12	5.1
4	2	1993	2	10.35555	5.53
5	2	1993	2	7.63335	7.4
6	2	1993	2	6.2667	0.04
7	2	1993	2	7.425	0
8	2	1993	2	8.6361	0.04
9	2	1993	2	9.36665	5.62
10	2	1993	2	12.86945	12.46
11	2	1993	2	11.57225	0.09
12	2	1993	2	9.3778	0
13	2	1993	2	10.5389	0.21
14	2	1993	2	12.0139	3.35
15	2	1993	2	15.56385	3.93
16	2	1993	2	9.3583	0.16
17	2	1993	2	4.45	0
18	2	1993	2	3.07775	0
19	2	1993	2	6.3139	0
20	2	1993	2	11.31665	0
21	2	1993	2	15.15555	0
22	2	1993	2	12.65555	0
23	2	1993	2	10.79165	0
24	2	1993	2	12.20555	0.06
25	2	1993	2	16.4972	4.4
26	2	1993	2	9.47225	0.01
27	2	1993	2	6.62775	1.3
28	2	1993	2	7.18615	14.47
1	3	1993	3	9.9833	2.75
2	3	1993	3	12.325	0.18
3	3	1993	3	11.30835	0
4	3	1993	3	9.76945	0
5	3	1993	3	10.0167	0.02
6	3	1993	3	9.3139	0
7	3	1993	3	11.75275	0
8	3	1993	3	13.53615	0
9	3	1993	3	16.6	0.29
10	3	1993	3	16.6778	0.07
11	3	1993	3	12.52225	0.97
12	3	1993	3	4.8	7.92
13	3	1993	3	2.1389	0
14	3	1993	3	3.57225	0.04
15	3	1993	3	7.6778	0.44
16	3	1993	3	16.4889	0.12
17	3	1993	3	16	0.79
18	3	1993	3	14.1361	0.34
19	3	1993	3	15.61945	8.45
20	3	1993	3	14.91945	0.45
21	3	1993	3	13.87225	1.16
22	3	1993	3	15.2	1.95
23	3	1993	3	14.83055	0.07
24	3	1993	3	17.03335	0.1
25	3	1993	3	19.9278	2.82
26	3	1993	3	17.70275	0.05
27	3	1993	3	15.9528	0
28	3	1993	3	18.1361	0.55
29	3	1993	3	20.4889	0.06
30	3	1993	3	19.20835	13.64
31	3	1993	3	15.61945	0
1	4	1993	4	13.2833	0
2	4	1993	4	12.8361	0.02
3	4	1993	4	14.8	3.96
4	4	1993	4	13.64445	0.21
5	4	1993	4	11.93335	0
6	4	1993	4	13.7833	0.03
7	4	1993	4	17.2111	17.3
8	4	1993	4	16.7611	0.07
9	4	1993	4	14.45835	0
10	4	1993	4	16.9111	0
11	4	1993	4	19.94445	0
12	4	1993	4	21.1889	0.04
13	4	1993	4	20.1639	0.5
14	4	1993	4	17.6833	27.04
15	4	1993	4	12.23335	0
16	4	1993	4	12.58615	0
17	4	1993	4	15.5583	0
18	4	1993	4	20.07225	0.04
19	4	1993	4	22.11665	0
20	4	1993	4	20.14165	0.22
21	4	1993	4	14.25	0
22	4	1993	4	13.61385	0
23	4	1993	4	16.8361	0
24	4	1993	4	20.9417	0.01
25	4	1993	4	22.3833	0
26	4	1993	4	18.38335	0
27	4	1993	4	18.59165	0.03
28	4	1993	4	18.71945	0.38
29	4	1993	4	17.48885	19.34
30	4	1993	4	16.4528	3.05
1	5	1993	5	19.0361	2.14
2	5	1993	5	17.8833	9.68
3	5	1993	5	16.4861	0.48
4	5	1993	5	18.41945	0.07
5	5	1993	5	18.45555	20.25
6	5	1993	5	19.2	0.32
7	5	1993	5	21.03055	0.08
8	5	1993	5	22.38055	0.5
9	5	1993	5	23.525	1.26
10	5	1993	5	18.44165	0.32
11	5	1993	5	17.6611	0
12	5	1993	5	18.3111	0
13	5	1993	5	18.55	0.06
14	5	1993	5	19.97775	0.02
15	5	1993	5	21.8	0
16	5	1993	5	22.71385	0.02
17	5	1993	5	23.275	1.23
18	5	1993	5	22.9917	6.87
19	5	1993	5	20.3167	0.24
20	5	1993	5	19.6917	0.02
21	5	1993	5	20.7639	0.91
22	5	1993	5	21.23055	4.15
23	5	1993	5	18.6889	18.61
24	5	1993	5	19.6917	0.84
25	5	1993	5	20.9111	2.17
26	5	1993	5	21.2333	0.01
27	5	1993	5	20.31665	0.04
28	5	1993	5	21.8833	2.6
29	5	1993	5	23.51945	4.62
30	5	1993	5	23.30835	8.74
31	5	1993	5	23.675	0.13
1	6	1993	6	22.7639	0
2	6	1993	6	25.29165	0
3	6	1993	6	26.5917	0
4	6	1993	6	26.6389	0
5	6	1993	6	26.43055	0
6	6	1993	6	26.9833	0
7	6	1993	6	26.9972	0
8	6	1993	6	26.6972	0.69
9	6	1993	6	26.7278	0.39
10	6	1993	6	22.96945	17.35
11	6	1993	6	22.95	5.34
12	6	1993	6	23.59165	3.5
13	6	1993	6	23.85	1.02
14	6	1993	6	24.1972	1.17
15	6	1993	6	24.1472	0.4
16	6	1993	6	24.825	2.45
17	6	1993	6	24.96945	6.53
18	6	1993	6	25.09725	3.99
19	6	1993	6	24.6417	3.1
20	6	1993	6	24.5	10.22
21	6	1993	6	25.20555	11.16
22	6	1993	6	25.6472	0.61
23	6	1993	6	26.03055	0.28
24	6	1993	6	26.3778	5.61
25	6	1993	6	26.73335	1.73
26	6	1993	6	23.7722	15.33
27	6	1993	6	24.85	0.11
28	6	1993	6	26.5139	0
29	6	1993	6	27.025	0.02
30	6	1993	6	27.00835	0
1	7	1993	7	26.74445	0
2	7	1993	7	26.3389	0
3	7	1993	7	26.525	0
4	7	1993	7	26.7611	0
5	7	1993	7	27.03335	0
6	7	1993	7	27.4139	0
7	7	1993	7	27.24165	0
8	7	1993	7	26.7417	0
9	7	1993	7	26.85555	0
10	7	1993	7	26.2861	0
11	7	1993	7	27.00275	0
12	7	1993	7	27.32225	0
13	7	1993	7	27.38055	0
14	7	1993	7	26.9028	0
15	7	1993	7	26.81665	0
16	7	1993	7	27.28055	0
17	7	1993	7	27.9	0
18	7	1993	7	27.4222	0
19	7	1993	7	27.16945	0.09
20	7	1993	7	27.64165	0
21	7	1993	7	27.86385	0
22	7	1993	7	28.41665	0
23	7	1993	7	28.41665	0
24	7	1993	7	28.7111	0
25	7	1993	7	28.925	0
26	7	1993	7	27.9139	0
27	7	1993	7	28.22225	0
28	7	1993	7	28.8389	0.02
29	7	1993	7	28.88055	0
30	7	1993	7	28.9611	0
31	7	1993	7	28.63885	0
1	8	1993	8	28.75835	0
2	8	1993	8	28.275	0.02
3	8	1993	8	28.41665	0
4	8	1993	8	28.69725	0
5	8	1993	8	28.26115	0
6	8	1993	8	28.30555	0
7	8	1993	8	28.26945	0
8	8	1993	8	28.30555	0
9	8	1993	8	28.34445	0
10	8	1993	8	28.3972	0
11	8	1993	8	28.25555	0
12	8	1993	8	28	0
13	8	1993	8	28.3528	0
14	8	1993	8	28.46385	0
15	8	1993	8	28.70555	0
16	8	1993	8	28.59165	0
17	8	1993	8	28.125	0
18	8	1993	8	28.3333	0
19	8	1993	8	27.0611	0
20	8	1993	8	26.93335	0
21	8	1993	8	27.2028	0
22	8	1993	8	27.6889	0
23	8	1993	8	28.7	0.01
24	8	1993	8	29.1583	0
25	8	1993	8	28.0917	0
26	8	1993	8	26.74725	0
27	8	1993	8	26.225	0.11
28	8	1993	8	26.8083	0.35
29	8	1993	8	27.69445	0.01
30	8	1993	8	27.7861	1.51
31	8	1993	8	27.325	11.6
1	9	1993	9	26.2972	0.67
2	9	1993	9	26.9389	1.87
3	9	1993	9	25.70835	3.05
4	9	1993	9	24.1472	0.01
5	9	1993	9	23.85835	0.16
6	9	1993	9	23.79165	0.43
7	9	1993	9	24.3139	1.19
8	9	1993	9	25.01945	4.2
9	9	1993	9	24.61115	0.22
10	9	1993	9	25.43335	0.06
11	9	1993	9	25.56945	2.22
12	9	1993	9	25.59165	24.78
13	9	1993	9	25.98055	26.12
14	9	1993	9	20.5778	10.21
15	9	1993	9	18.23335	0
16	9	1993	9	19.5639	0
17	9	1993	9	21.33335	0
18	9	1993	9	24.08885	0.16
19	9	1993	9	26.76115	0.19
20	9	1993	9	26.95	0.02
21	9	1993	9	26.9	0.03
22	9	1993	9	27.00835	0.19
23	9	1993	9	27.27225	0
24	9	1993	9	27.59725	0.38
25	9	1993	9	26.7611	0.33
26	9	1993	9	24.7472	3.63
27	9	1993	9	19.74165	0.04
28	9	1993	9	18.66945	0
29	9	1993	9	19.5083	0
30	9	1993	9	20.2167	0
1	10	1993	10	21.38055	0
2	10	1993	10	24.69165	0
3	10	1993	10	22.75555	0.68
4	10	1993	10	21.49165	0
5	10	1993	10	22.375	0
6	10	1993	10	22.66945	0
7	10	1993	10	22.5611	0
8	10	1993	10	23.8333	0
9	10	1993	10	22.12775	0
10	10	1993	10	17.50555	0
11	10	1993	10	18.5889	0.12
12	10	1993	10	22.375	4.67
13	10	1993	10	22.64445	15.07
14	10	1993	10	21.2389	0.02
15	10	1993	10	21.89445	0
16	10	1993	10	23.5861	0
17	10	1993	10	24.8611	0.5
18	10	1993	10	25.04165	0.83
19	10	1993	10	24.7861	17.14
20	10	1993	10	19.25	18.7
21	10	1993	10	14.5833	0.27
22	10	1993	10	11.0806	0.42
23	10	1993	10	11.1972	0.01
24	10	1993	10	12.0806	0
25	10	1993	10	13.3028	0
26	10	1993	10	14.0361	0.19
27	10	1993	10	12.64445	0
28	10	1993	10	12.36945	0.07
29	10	1993	10	11.96665	2.98
30	10	1993	10	4.96665	0
31	10	1993	10	4.20275	0.14
1	11	1993	11	6.65	0.13
2	11	1993	11	11.3139	3.5
3	11	1993	11	15.0139	1.67
4	11	1993	11	17.0583	0
5	11	1993	11	15.0333	0
6	11	1993	11	7.11945	0.01
7	11	1993	11	4.2639	0
8	11	1993	11	7.1528	0.34
9	11	1993	11	12.4417	0.1
10	11	1993	11	14.4417	0.02
11	11	1993	11	14.87775	0.01
12	11	1993	11	18.79165	1.22
13	11	1993	11	20.3083	0.02
14	11	1993	11	16.99165	3.7
15	11	1993	11	11.95	0
16	11	1993	11	11.4889	9.9
17	11	1993	11	10.03055	0
18	11	1993	11	12.3139	0
19	11	1993	11	13.28335	0
20	11	1993	11	8.2	0
21	11	1993	11	6.40835	0
22	11	1993	11	8.1444	0
23	11	1993	11	11.4111	0
24	11	1993	11	14.45	0.01
25	11	1993	11	2.99165	1.91
26	11	1993	11	0.14445	0.86
27	11	1993	11	2.06945	0.02
28	11	1993	11	5.93055	0
29	11	1993	11	8.425	0
30	11	1993	11	10.11665	0
1	12	1993	12	14.44725	0.59
2	12	1993	12	17.85555	2.44
3	12	1993	12	18.26945	0.24
4	12	1993	12	13.1222	0
5	12	1993	12	11.1111	0
6	12	1993	12	12.74445	0
7	12	1993	12	11.58055	0
8	12	1993	12	15.09445	0.13
9	12	1993	12	17.5417	0.1
10	12	1993	12	16.32225	0.08
11	12	1993	12	11.9444	0.19
12	12	1993	12	11.8278	0.94
13	12	1993	12	13.7139	0.07
14	12	1993	12	10.16945	0
15	12	1993	12	6.80275	0
16	12	1993	12	7.23055	0.05
17	12	1993	12	10.9	1.11
18	12	1993	12	9.48885	0.08
19	12	1993	12	10.49445	0.06
20	12	1993	12	10.05555	0
21	12	1993	12	3.94725	5.37
22	12	1993	12	3.4889	7.67
23	12	1993	12	1.2	0.58
24	12	1993	12	4.375	0.04
25	12	1993	12	7.84445	0
26	12	1993	12	8.68055	0
27	12	1993	12	12.125	0
28	12	1993	12	10.4667	0
29	12	1993	12	5.325	0
30	12	1993	12	6.8972	0.02
31	12	1993	12	6.90275	0
1	1	1994	1	10.51665	0
2	1	1994	1	10.48885	0
3	1	1994	1	10.0194	0
4	1	1994	1	8.35555	0
5	1	1994	1	8.3972	0
6	1	1994	1	13.675	0.02
7	1	1994	1	8.0611	0
8	1	1994	1	1.5889	0
9	1	1994	1	4.4306	0
10	1	1994	1	11.49165	0
11	1	1994	1	14.23055	0.07
12	1	1994	1	11.37225	0.33
13	1	1994	1	11.0583	7.59
14	1	1994	1	8.8722	0
15	1	1994	1	8.95275	0.01
16	1	1994	1	11.35555	0.02
17	1	1994	1	8.53055	0
18	1	1994	1	2.6278	0
19	1	1994	1	2.31945	0.08
20	1	1994	1	5.30555	5.98
21	1	1994	1	6.7722	16.1
22	1	1994	1	6.5361	7.77
23	1	1994	1	8.66665	4.34
24	1	1994	1	12.2861	2.99
25	1	1994	1	16.23335	0.11
26	1	1994	1	17.56945	0.57
27	1	1994	1	15.29445	0.1
28	1	1994	1	6.3361	1.76
29	1	1994	1	3.96385	0.14
30	1	1994	1	3.575	0.4
31	1	1994	1	2.1389	0.36
1	2	1994	2	0.79445	0.3
2	2	1994	2	1.31115	0.09
3	2	1994	2	3.7361	0
4	2	1994	2	11.275	0.02
5	2	1994	2	13.9361	0
6	2	1994	2	13.64445	0.02
7	2	1994	2	14.3167	0
8	2	1994	2	18.74165	0.01
9	2	1994	2	9.97225	2.64
10	2	1994	2	1.2667	10.04
11	2	1994	2	5.33055	0.77
12	2	1994	2	9.91945	0.22
13	2	1994	2	7.78335	0.07
14	2	1994	2	5.0278	0
15	2	1994	2	8.35	0
16	2	1994	2	13.20555	0
17	2	1994	2	11.79445	0
18	2	1994	2	12.8944	0
19	2	1994	2	16.32775	0.14
20	2	1994	2	18.75	0.24
21	2	1994	2	17.425	0.61
22	2	1994	2	17.81385	30.74
23	2	1994	2	10.5	0
24	2	1994	2	6.66945	0
25	2	1994	2	10.39445	0
26	2	1994	2	6.14445	0
27	2	1994	2	5.9278	0.09
28	2	1994	2	9.39165	3.52
1	3	1994	3	11.40275	3.13
2	3	1994	3	10.46665	0.02
3	3	1994	3	11.4417	0
4	3	1994	3	14.29445	0
5	3	1994	3	18.6361	0.11
6	3	1994	3	20.575	1.13
7	3	1994	3	21.825	0.37
8	3	1994	3	19.7611	5.06
9	3	1994	3	6.3583	5.66
10	3	1994	3	5.39165	0
11	3	1994	3	8.3	0.01
12	3	1994	3	9.9472	3.4
13	3	1994	3	12.525	0.18
14	3	1994	3	12.76945	0.2
15	3	1994	3	13.9111	46.76
16	3	1994	3	17.4139	1.05
17	3	1994	3	18.1361	0.19
18	3	1994	3	20.7278	0
19	3	1994	3	21.48055	0
20	3	1994	3	21.8278	0
21	3	1994	3	19.42775	0
22	3	1994	3	15.6667	0
23	3	1994	3	18.8083	0.11
24	3	1994	3	21.1722	0.3
25	3	1994	3	17.7861	1.34
26	3	1994	3	19.3111	1.8
27	3	1994	3	14.6472	3.96
28	3	1994	3	9.8139	0.05
29	3	1994	3	9.94445	0
30	3	1994	3	11.8167	0
31	3	1994	3	11.5889	0
1	4	1994	4	13.7	0
2	4	1994	4	16.09725	0
3	4	1994	4	15.55	0
4	4	1994	4	14.7139	0.05
5	4	1994	4	18.2722	1.77
6	4	1994	4	11.84445	0.02
7	4	1994	4	10.5222	0.13
8	4	1994	4	14.54445	0
9	4	1994	4	19.58335	0
10	4	1994	4	22.3861	0
11	4	1994	4	22.49165	0.11
12	4	1994	4	16.73335	0.16
13	4	1994	4	16.56945	0
14	4	1994	4	18.88885	0.93
15	4	1994	4	21.6861	2.81
16	4	1994	4	16.99445	1.29
17	4	1994	4	14.0278	0
18	4	1994	4	15.6861	0
19	4	1994	4	17.86945	0.01
20	4	1994	4	19.875	0.15
21	4	1994	4	19.05555	0.13
22	4	1994	4	19.9194	9.2
23	4	1994	4	19.925	0.06
24	4	1994	4	21.11945	0
25	4	1994	4	22.4472	0
26	4	1994	4	24.68335	0.02
27	4	1994	4	24.7306	0.01
28	4	1994	4	17.95	23.34
29	4	1994	4	18.69165	24.62
30	4	1994	4	13.4778	2.88
1	5	1994	5	11.58055	6.88
2	5	1994	5	13.4528	2.89
3	5	1994	5	16.18055	0.04
4	5	1994	5	17.1806	0
5	5	1994	5	19.41665	0
6	5	1994	5	21.7833	0.14
7	5	1994	5	23.28055	0.59
8	5	1994	5	23.45	0.21
9	5	1994	5	23.7861	0.4
10	5	1994	5	24.1111	0.33
11	5	1994	5	23.90835	0
12	5	1994	5	23.54725	5.13
13	5	1994	5	20.5806	67.33
14	5	1994	5	19.48335	11.99
15	5	1994	5	21.90835	12.02
16	5	1994	5	21.50835	7.69
17	5	1994	5	22.5389	0.05
18	5	1994	5	22.80555	0.03
19	5	1994	5	21.5972	0
20	5	1994	5	19.3472	0
21	5	1994	5	19.43055	0
22	5	1994	5	20.38055	0
23	5	1994	5	21.03055	0
24	5	1994	5	22.56665	0
25	5	1994	5	24.15555	0.02
26	5	1994	5	23.7889	0
27	5	1994	5	22.45275	1.26
28	5	1994	5	24.0111	2.84
29	5	1994	5	26.3528	1.27
30	5	1994	5	26.21665	1.18
31	5	1994	5	26.38335	1.32
1	6	1994	6	25.00555	0.01
2	6	1994	6	24.1889	0.01
3	6	1994	6	24.4139	0.1
4	6	1994	6	25.4667	1.82
5	6	1994	6	26.6139	0
6	6	1994	6	27.81945	0
7	6	1994	6	28.25835	0
8	6	1994	6	28.6778	0.82
9	6	1994	6	28.26665	12.79
10	6	1994	6	26.35	2.02
11	6	1994	6	26.1222	5.25
12	6	1994	6	26.14165	1
13	6	1994	6	25.3167	2.82
14	6	1994	6	23.91945	8.41
15	6	1994	6	24.475	5.54
16	6	1994	6	26.33055	0
17	6	1994	6	26.8389	0.01
18	6	1994	6	26.00555	0.83
19	6	1994	6	25.1528	9.5
20	6	1994	6	24.8028	3.91
21	6	1994	6	24.73335	1.36
22	6	1994	6	25.92775	1.13
23	6	1994	6	27.59445	18.16
24	6	1994	6	27.49445	0.02
25	6	1994	6	28.37775	0
26	6	1994	6	29.01945	0
27	6	1994	6	28.6667	2.96
28	6	1994	6	29.00835	0
29	6	1994	6	28.95555	0
30	6	1994	6	27.8917	0
1	7	1994	7	27.94445	0
2	7	1994	7	27.98615	0
3	7	1994	7	27.7139	0
4	7	1994	7	27.8361	0
5	7	1994	7	28.35	0.96
6	7	1994	7	28.9111	0.76
7	7	1994	7	29.0028	0
8	7	1994	7	29.0583	0
9	7	1994	7	28.68335	0.2
10	7	1994	7	27.325	2.31
11	7	1994	7	28.0389	0.03
12	7	1994	7	28.6861	0.25
13	7	1994	7	28.6361	2.48
14	7	1994	7	27.5861	4.53
15	7	1994	7	26.9361	5.04
16	7	1994	7	27.93335	0.51
17	7	1994	7	27.89725	0.03
18	7	1994	7	27.65835	0
19	7	1994	7	27.4167	0
20	7	1994	7	28.1139	0
21	7	1994	7	28.51665	0
22	7	1994	7	28.65275	0
23	7	1994	7	29.14165	0
24	7	1994	7	28.14445	0
25	7	1994	7	28.46665	0
26	7	1994	7	28.66945	0
27	7	1994	7	28.34725	0
28	7	1994	7	25.06945	0
29	7	1994	7	24.5028	0
30	7	1994	7	24.68055	0
31	7	1994	7	25.6722	0.12
1	8	1994	8	25.7667	0.02
2	8	1994	8	25.74445	0
3	8	1994	8	25.825	0
4	8	1994	8	26.3917	1.16
5	8	1994	8	26.38335	0.59
6	8	1994	8	26.14165	0.11
7	8	1994	8	27.5889	0.03
8	8	1994	8	28.35835	0.19
9	8	1994	8	25.9778	16.42
10	8	1994	8	25.3583	0.93
11	8	1994	8	24.96665	0.29
12	8	1994	8	25.4	0.03
13	8	1994	8	25.9861	0
14	8	1994	8	26.4917	1.77
15	8	1994	8	26.71665	4.72
16	8	1994	8	26.1972	4.14
17	8	1994	8	27.64445	0.02
18	8	1994	8	29.00275	0.27
19	8	1994	8	28.95	2.13
20	8	1994	8	28.89165	1.57
21	8	1994	8	27.8056	16.17
22	8	1994	8	26.4972	3.16
23	8	1994	8	27.6861	0.08
24	8	1994	8	27.925	0.01
25	8	1994	8	27.4583	0.08
26	8	1994	8	27.0472	0.06
27	8	1994	8	27.05	0.22
28	8	1994	8	26.98335	0
29	8	1994	8	27.5417	0
30	8	1994	8	27.53055	0.23
31	8	1994	8	27.25	1.66
1	9	1994	9	27.15555	2.45
2	9	1994	9	26.8111	0.64
3	9	1994	9	26.23335	0
4	9	1994	9	26.85	0.22
5	9	1994	9	27.075	0.24
6	9	1994	9	27.13055	0.08
7	9	1994	9	26.61945	24.04
8	9	1994	9	23.0139	21.57
9	9	1994	9	21.6528	12.53
10	9	1994	9	23.03615	2.51
11	9	1994	9	23.54445	1.89
12	9	1994	9	24.37775	3.96
13	9	1994	9	24.7361	5.71
14	9	1994	9	24.51945	4.21
15	9	1994	9	24.86115	9.71
16	9	1994	9	24.35555	6.5
17	9	1994	9	23.16945	0.22
18	9	1994	9	20.3611	0.02
19	9	1994	9	21.16665	0.09
20	9	1994	9	21.52225	0
21	9	1994	9	21.4722	0
22	9	1994	9	19.45835	0
23	9	1994	9	15.92775	0.93
24	9	1994	9	17.88885	0
25	9	1994	9	17.9639	0
26	9	1994	9	19.9861	0.01
27	9	1994	9	21.38335	0.96
28	9	1994	9	22.7361	0
29	9	1994	9	21.88615	0
30	9	1994	9	21.5417	0
1	10	1994	10	21.9139	0
2	10	1994	10	22.9111	0
3	10	1994	10	24.4222	0.69
4	10	1994	10	25.00835	0
5	10	1994	10	22.5611	0
6	10	1994	10	22.98335	2.78
7	10	1994	10	24.0639	42.82
8	10	1994	10	19.5861	13.87
9	10	1994	10	16.35555	0
10	10	1994	10	13.75	0
11	10	1994	10	13.46945	0
12	10	1994	10	14.5111	0
13	10	1994	10	14.50275	0.21
14	10	1994	10	13.6139	10.68
15	10	1994	10	16.33055	6.05
16	10	1994	10	21.275	0.96
17	10	1994	10	25.0389	0.07
18	10	1994	10	22.9	18.76
19	10	1994	10	22.56385	0
20	10	1994	10	24.05835	0.46
21	10	1994	10	24.2222	0.01
22	10	1994	10	23.3389	0.01
23	10	1994	10	23.01945	0.47
24	10	1994	10	22.8861	0.75
25	10	1994	10	18.6778	42.14
26	10	1994	10	13.2639	0.49
27	10	1994	10	11.70555	1.24
28	10	1994	10	13.6139	0
29	10	1994	10	16.30555	0
30	10	1994	10	17.5972	0
31	10	1994	10	18.13335	0
1	11	1994	11	12.825	0
2	11	1994	11	16.25	0.56
3	11	1994	11	22.28615	0.65
4	11	1994	11	23.44165	18.94
5	11	1994	11	16.15835	6.11
6	11	1994	11	14.4861	0
7	11	1994	11	15.15275	0
8	11	1994	11	18.55	0
9	11	1994	11	20.1611	0.17
10	11	1994	11	12.425	0
11	11	1994	11	11.5611	0.01
12	11	1994	11	12.53885	0.1
13	11	1994	11	17.74445	0.57
14	11	1994	11	19.49165	7.87
15	11	1994	11	13.26665	16.36
16	11	1994	11	12.175	0.82
17	11	1994	11	14.93335	0.23
18	11	1994	11	15.92775	3.19
19	11	1994	11	18.9	0.43
20	11	1994	11	17.6778	1.81
21	11	1994	11	12.9889	0.03
22	11	1994	11	13.25835	0.07
23	11	1994	11	11.275	4
24	11	1994	11	8.4556	0.3
25	11	1994	11	12.33055	0.06
26	11	1994	11	15.6361	0.02
27	11	1994	11	17.4722	0
28	11	1994	11	11.4833	0
29	11	1994	11	10.81665	0.01
30	11	1994	11	8.70275	0.2
1	12	1994	12	8.34165	0.08
2	12	1994	12	9.58055	1.63
3	12	1994	12	15.66945	0.93
4	12	1994	12	16.17775	0.07
5	12	1994	12	15.3083	0.05
6	12	1994	12	16.8333	0.27
7	12	1994	12	20.2361	0.61
8	12	1994	12	19.5694	5.61
9	12	1994	12	9.3889	17.04
10	12	1994	12	6.1222	0
11	12	1994	12	4.1917	0
12	12	1994	12	7.075	0.03
13	12	1994	12	7.83335	1.23
14	12	1994	12	11.69445	4.11
15	12	1994	12	15.29725	8.42
16	12	1994	12	16.5083	0.76
17	12	1994	12	10.76665	0
18	12	1994	12	10.58615	0
19	12	1994	12	10.1833	0
20	12	1994	12	11.9583	0
21	12	1994	12	10.80555	0
22	12	1994	12	8.7528	0
23	12	1994	12	7.85835	0.01
24	12	1994	12	8.47225	0.06
25	12	1994	12	6.7139	0
26	12	1994	12	6.91945	0.01
27	12	1994	12	7.44445	21.62
28	12	1994	12	8.40275	32.44
29	12	1994	12	8.8583	0.28
30	12	1994	12	6.91945	0.53
31	12	1994	12	9.79165	0.18
1	1	1995	1	6.425	0.23
2	1	1995	1	2.25835	0.71
3	1	1995	1	3.1833	0.67
4	1	1995	1	3.24445	0.02
5	1	1995	1	1.1556	0.66
6	1	1995	1	6.45555	0.22
7	1	1995	1	8.2556	0
8	1	1995	1	10.8333	0
9	1	1995	1	12.67225	0.69
10	1	1995	1	14.5861	0.4
11	1	1995	1	17.0472	2.87
12	1	1995	1	16.43615	10.91
13	1	1995	1	12.18615	0.19
14	1	1995	1	9.45835	0.14
15	1	1995	1	8.76665	0
16	1	1995	1	11.41945	0.22
17	1	1995	1	14.88055	0.35
18	1	1995	1	10.1722	0.01
19	1	1995	1	6.63335	0
20	1	1995	1	8.2139	0
21	1	1995	1	8.8139	0
22	1	1995	1	10.65	0
23	1	1995	1	6.9917	0.06
24	1	1995	1	4.38055	0.15
25	1	1995	1	6.5611	1.38
26	1	1995	1	12.6611	0.91
27	1	1995	1	14.975	0.22
28	1	1995	1	13.08055	0
29	1	1995	1	8.66665	0.84
30	1	1995	1	5.7333	0.43
31	1	1995	1	6.90275	0
1	2	1995	2	10.15555	0
2	2	1995	2	12.9944	0
3	2	1995	2	12.25555	0
4	2	1995	2	9.2778	0
5	2	1995	2	9.7583	0
6	2	1995	2	9.22225	0
7	2	1995	2	9.2	0
8	2	1995	2	5.7139	0.02
9	2	1995	2	8.1167	0
10	2	1995	2	14.46665	0.02
11	2	1995	2	13.8861	0.58
12	2	1995	2	4.50835	0.7
13	2	1995	2	2.99165	1.57
14	2	1995	2	7.79445	0.33
15	2	1995	2	13.56945	0.81
16	2	1995	2	13.78055	0.08
17	2	1995	2	9.7333	0.05
18	2	1995	2	8.3972	0.02
19	2	1995	2	11.5167	0
20	2	1995	2	12.76115	0
21	2	1995	2	13.5778	0
22	2	1995	2	13.7361	0.25
23	2	1995	2	16.5417	0.42
24	2	1995	2	15.70835	2.73
25	2	1995	2	13.41665	6
26	2	1995	2	14.4417	3
27	2	1995	2	17.29165	0.33
28	2	1995	2	12.70555	0.39
1	3	1995	3	4.21385	0.59
2	3	1995	3	1.95555	3.61
3	3	1995	3	2.79725	0.09
4	3	1995	3	5.91665	0.37
5	3	1995	3	12.51945	0.18
6	3	1995	3	15.38335	2.29
7	3	1995	3	9.03335	5.64
8	3	1995	3	4.4	0.02
9	3	1995	3	5.11385	0
10	3	1995	3	8.36945	0
11	3	1995	3	13.0278	0.24
12	3	1995	3	17.1667	18.82
13	3	1995	3	16.63055	22.1
14	3	1995	3	14.5111	0.28
15	3	1995	3	14.75	4.29
16	3	1995	3	15.84165	0.06
17	3	1995	3	14.7722	0
18	3	1995	3	15.52225	0
19	3	1995	3	17.37225	0
20	3	1995	3	19.54445	0
21	3	1995	3	20.28615	0.04
22	3	1995	3	22.28055	0.03
23	3	1995	3	22.5333	0
24	3	1995	3	20.10555	0
25	3	1995	3	20.09445	0
26	3	1995	3	20.16665	0
27	3	1995	3	14.575	0.18
28	3	1995	3	12.8917	0.2
29	3	1995	3	9.6333	0.96
30	3	1995	3	10.20835	0
31	3	1995	3	11.5278	2.2
1	4	1995	4	12.42775	3.9
2	4	1995	4	13.01945	0.03
3	4	1995	4	14.47775	2.21
4	4	1995	4	15.8139	23.28
5	4	1995	4	16.25555	5.58
6	4	1995	4	15.38055	0
7	4	1995	4	17.89165	0.02
8	4	1995	4	21.3361	0
9	4	1995	4	21.75	0.02
10	4	1995	4	22.15835	2.75
11	4	1995	4	15.15835	0.03
12	4	1995	4	15.14445	0
13	4	1995	4	16.4639	0.21
14	4	1995	4	17.65	0
15	4	1995	4	19.56945	0
16	4	1995	4	22.75275	0.27
17	4	1995	4	24.05835	7.3
18	4	1995	4	19.50835	4.02
19	4	1995	4	20.1472	6.05
20	4	1995	4	20.2472	3.54
21	4	1995	4	18.55	0
22	4	1995	4	19.5639	0.7
23	4	1995	4	14.0722	0
24	4	1995	4	11.2361	0
25	4	1995	4	13.34725	0
26	4	1995	4	16.26665	0
27	4	1995	4	18.99165	0
28	4	1995	4	19.625	0
29	4	1995	4	22.1083	0
30	4	1995	4	23.325	0.01
1	5	1995	5	22.48335	0.22
2	5	1995	5	17.28885	0.06
3	5	1995	5	19.44445	0.09
4	5	1995	5	23.5361	0.06
5	5	1995	5	24.1667	0.15
6	5	1995	5	24.1778	1.54
7	5	1995	5	24.19445	18.34
8	5	1995	5	19.90555	20.44
9	5	1995	5	20.79445	0.35
10	5	1995	5	22.53055	0
11	5	1995	5	20.6639	0
12	5	1995	5	22.0528	0.06
13	5	1995	5	26.05	0.12
14	5	1995	5	28.5028	0.29
15	5	1995	5	27.5028	0
16	5	1995	5	26.50555	0
17	5	1995	5	26.78335	1.25
18	5	1995	5	23.0417	1.49
19	5	1995	5	19.37225	0.26
20	5	1995	5	19.79165	0.25
21	5	1995	5	22.00835	0.32
22	5	1995	5	22.71945	0.01
23	5	1995	5	22.9028	6.54
24	5	1995	5	21.8139	18.16
25	5	1995	5	22.9639	2.68
26	5	1995	5	23.6528	0.58
27	5	1995	5	22.9	28.71
28	5	1995	5	24.31385	0.08
29	5	1995	5	23.48335	46.08
30	5	1995	5	20.5278	32.04
31	5	1995	5	21.0972	6.67
1	6	1995	6	22.4861	0.36
2	6	1995	6	24.28615	0.08
3	6	1995	6	25.85275	0
4	6	1995	6	25.6611	0.02
5	6	1995	6	25	0.08
6	6	1995	6	25.89445	0
7	6	1995	6	26.40555	0
8	6	1995	6	27.1139	0
9	6	1995	6	27.7722	0
10	6	1995	6	27.7333	7.74
11	6	1995	6	22.94165	16.65
12	6	1995	6	19.49445	0.04
13	6	1995	6	19.6028	0.25
14	6	1995	6	20.56385	0.04
15	6	1995	6	21.53055	0.1
16	6	1995	6	22.6528	0.09
17	6	1995	6	22.27225	0.18
18	6	1995	6	22.9639	0.04
19	6	1995	6	23.88885	0.37
20	6	1995	6	23.4639	0.01
21	6	1995	6	23.45	0.26
22	6	1995	6	23.5	0
23	6	1995	6	24.475	0
24	6	1995	6	25.50275	3.64
25	6	1995	6	25.83055	2
26	6	1995	6	24.8	5.59
27	6	1995	6	25.16945	0.82
28	6	1995	6	26.25835	26.82
29	6	1995	6	23.71665	26.84
30	6	1995	6	23.6139	0.05
1	7	1995	7	24.2833	0
2	7	1995	7	24.10275	0.09
3	7	1995	7	26.03055	7.38
4	7	1995	7	25.11945	1.01
5	7	1995	7	25.77775	0.28
6	7	1995	7	26.70555	2.01
7	7	1995	7	25.775	0.55
8	7	1995	7	25.9	0
9	7	1995	7	25.85275	0
10	7	1995	7	25.75835	0
11	7	1995	7	26.45555	0
12	7	1995	7	26.71945	0
13	7	1995	7	26.2472	0
14	7	1995	7	26.64445	0.47
15	7	1995	7	25.9028	0
16	7	1995	7	26.84445	0.24
17	7	1995	7	27.3139	0.23
18	7	1995	7	27.6111	0.01
19	7	1995	7	27.86945	0
20	7	1995	7	28.32225	0.02
21	7	1995	7	28.78615	0
22	7	1995	7	29.29445	0
23	7	1995	7	29.9222	0.02
24	7	1995	7	28.8972	0
25	7	1995	7	28.55555	0
26	7	1995	7	29.16945	0
27	7	1995	7	29.6139	0.1
28	7	1995	7	29.3778	0.11
29	7	1995	7	28.91115	1.17
30	7	1995	7	27.54445	3.4
31	7	1995	7	26.1278	4.67
1	8	1995	8	26.4889	1.74
2	8	1995	8	26.9	3.03
3	8	1995	8	28.3333	0.55
4	8	1995	8	27.98055	0.04
5	8	1995	8	27.1389	0.03
6	8	1995	8	27.53885	0
7	8	1995	8	27.9722	0.02
8	8	1995	8	28.5611	0.06
9	8	1995	8	27.53335	0
10	8	1995	8	26.54165	0
11	8	1995	8	26.36945	0.1
12	8	1995	8	26.5167	0.91
13	8	1995	8	27.74445	0.26
14	8	1995	8	28.44445	0.04
15	8	1995	8	28.3028	0.26
16	8	1995	8	28.27225	0
17	8	1995	8	28.075	0
18	8	1995	8	28.03335	0.51
19	8	1995	8	27.16945	0.29
20	8	1995	8	28.0222	0.05
21	8	1995	8	28.49445	3.18
22	8	1995	8	28.04445	0
23	8	1995	8	27.86665	0.74
24	8	1995	8	27.23615	1.72
25	8	1995	8	27.43885	8.09
26	8	1995	8	26.95555	0.13
27	8	1995	8	27.1694	0.6
28	8	1995	8	27.25555	2.24
29	8	1995	8	26.6278	0.22
30	8	1995	8	26.7889	2.22
31	8	1995	8	26.2639	6.69
1	9	1995	9	25.3139	0.01
2	9	1995	9	25.88335	0
3	9	1995	9	26.925	0
4	9	1995	9	27.5333	0
5	9	1995	9	27.34725	0
6	9	1995	9	27.4833	0
7	9	1995	9	27.5722	4.17
8	9	1995	9	26.60275	0.07
9	9	1995	9	25.53885	1.73
10	9	1995	9	25.02775	0.04
11	9	1995	9	25.05555	0.06
12	9	1995	9	26.05555	0.07
13	9	1995	9	26.7833	1.21
14	9	1995	9	25.9167	16.34
15	9	1995	9	25.9639	0.22
16	9	1995	9	27.50275	0
17	9	1995	9	28.1472	0.01
18	9	1995	9	27.30555	0.03
19	9	1995	9	27.525	2.8
20	9	1995	9	23.6972	47.83
21	9	1995	9	20.5472	46.25
22	9	1995	9	13.15275	1.17
23	9	1995	9	14.38055	0.06
24	9	1995	9	17.1778	0.02
25	9	1995	9	19.58055	0
26	9	1995	9	20.6639	0
27	9	1995	9	22.70555	0
28	9	1995	9	25.5889	0
29	9	1995	9	24.7667	0
30	9	1995	9	24.7222	0.11
1	10	1995	10	24.53335	2.59
2	10	1995	10	23.6167	2.44
3	10	1995	10	21.4472	0.01
4	10	1995	10	18.5611	0
5	10	1995	10	18.80555	0
6	10	1995	10	15.93615	0.02
7	10	1995	10	15.7611	0
8	10	1995	10	16.96945	0
9	10	1995	10	19.66945	0
10	10	1995	10	19.3139	0
11	10	1995	10	19.775	0
12	10	1995	10	19.8833	0
13	10	1995	10	20.46945	0.02
14	10	1995	10	19.4028	0.33
15	10	1995	10	15.0722	0
16	10	1995	10	15.9611	0
17	10	1995	10	16.48335	0
18	10	1995	10	18.14445	0.02
19	10	1995	10	20.7389	0
20	10	1995	10	18.2722	0.01
21	10	1995	10	13.7972	0.02
22	10	1995	10	16.08335	0.02
23	10	1995	10	19.9667	0.02
24	10	1995	10	16.5778	0.07
25	10	1995	10	17.8972	0.12
26	10	1995	10	20.9639	0.06
27	10	1995	10	22.76665	0.04
28	10	1995	10	19.30835	0.25
29	10	1995	10	15.74165	1.76
30	10	1995	10	15.0861	1.22
31	10	1995	10	16.36945	17.87
1	11	1995	11	18.69165	25.19
2	11	1995	11	18.19725	0.11
3	11	1995	11	8.4917	1.25
4	11	1995	11	5.6222	1.04
5	11	1995	11	6.9472	0.42
6	11	1995	11	11.2	0
7	11	1995	11	16.69165	0
8	11	1995	11	13.83055	0.57
9	11	1995	11	14.04445	0
10	11	1995	11	18.91665	0
11	11	1995	11	11.37225	0
12	11	1995	11	8.65555	0
13	11	1995	11	12.70555	0
14	11	1995	11	13.45275	0
15	11	1995	11	12.15555	0.16
16	11	1995	11	13.25	0.35
17	11	1995	11	12.775	17.57
18	11	1995	11	14.5111	1.11
19	11	1995	11	14.69165	0
20	11	1995	11	15.58055	0
21	11	1995	11	15.24725	0
22	11	1995	11	15.10835	0
23	11	1995	11	15.43055	0
24	11	1995	11	12.25555	0
25	11	1995	11	11.94725	0
26	11	1995	11	13.70555	0
27	11	1995	11	16.63615	0
28	11	1995	11	10.21665	0
29	11	1995	11	5.8278	0
30	11	1995	11	8.3472	0
1	12	1995	12	11.43055	0
2	12	1995	12	17.2444	0
3	12	1995	12	19.20835	0
4	12	1995	12	15.63055	0
5	12	1995	12	17.1167	0
6	12	1995	12	15.1	0
7	12	1995	12	12.60835	0
8	12	1995	12	13.12225	1.39
9	12	1995	12	5.7917	0
10	12	1995	12	1.47225	0.01
11	12	1995	12	5.90275	0.01
12	12	1995	12	13.31665	0
13	12	1995	12	17.15835	0
14	12	1995	12	17.8	0
15	12	1995	12	19.67225	0.09
16	12	1995	12	14.83335	1.2
17	12	1995	12	15.15275	7.03
18	12	1995	12	12.2361	5.29
19	12	1995	12	6.82225	0.11
20	12	1995	12	3.24445	0.14
21	12	1995	12	2.8333	0.24
22	12	1995	12	3.91665	0
23	12	1995	12	3.4167	0.01
24	12	1995	12	1.89445	0.02
25	12	1995	12	6.5528	0
26	12	1995	12	6.46945	0
27	12	1995	12	6.6528	0
28	12	1995	12	6.2528	0.01
29	12	1995	12	4.4861	0.99
30	12	1995	12	8.3472	0.46
31	12	1995	12	13.9139	0