4.249
4.391
5.207
5.069
4.983
4.785
4.730
4.588
4.841
5.180
5.799
5.799
5.491
5.349
5.180
5.010
4.813
5.913
9.401
9.516
8.278
7.714
7.348
7.545
7.462
7.095
6.981
6.843
6.871
6.756
6.784
6.674
6.674
6.674
11.065
14.865
15.768
14.388
13.063
12.192
11.487
10.923
10.616
10.501
10.162
9.599
9.094
9.204
9.374
9.855
9.571
9.149
9.011
8.842
8.645
8.475
8.191
8.108
8.026
8.278
8.191
7.994
7.687
7.348
7.206
6.981
6.926
6.756
6.504
6.504
6.559
6.417
6.307
6.193
6.417
6.756
6.449
6.362
6.279
6.279
6.252
6.138
6.023
5.826
5.799
5.661
5.629
5.601
5.377
5.322
5.294
5.377
5.266
5.322
9.236
8.814
11.656
9.122
8.053
7.348
7.123
6.871
6.756
11.514
10.726
10.052
8.420
7.967
7.659
7.206
6.926
6.843
6.587
6.390
6.279
6.193
6.110
6.055
7.632
6.477
6.279
6.220
7.293
9.177
12.866
10.753
8.814
19.201
24.211
16.272
13.769
12.500
11.629
11.037
11.656
10.895
10.726
12.161
10.529
10.079
9.374
8.842
8.530
8.108
7.939
7.967
7.632
7.237
6.812
6.532
6.335
6.023
5.771
5.661
5.688
5.688
5.688
5.349
5.322
5.180
4.927
5.235
8.278
14.218
9.066
8.333
7.490
9.461
9.263
6.812
6.110
5.629
5.858
9.827
8.727
6.362
5.601
5.207
4.872
4.561
4.533
4.785
5.124
4.900
4.703
5.574
6.082
5.349
4.955
4.588
4.391
4.139
3.942
3.828
3.630
3.493
3.406
3.323
3.181
3.433
3.406
3.098
2.929
3.264
3.603
3.098
3.012
2.984
2.901
2.874
2.732
2.956
2.704
2.645
2.562
2.420
2.365
2.338
2.251
2.251
2.140
2.085
2.085
2.140
2.113
2.026
2.113
1.943
1.971
2.026
2.085
2.562
2.448
2.338
2.984
3.098
2.787
2.617
2.479
2.338
2.282
2.251
2.223
2.251
3.942
5.629
6.674
6.055
4.364
3.855
3.575
3.433
3.209
3.126
3.126
3.012
2.984
4.983
67.004
21.172
21.933
13.572
12.500
11.372
11.120
10.671
12.050
9.291
8.306
7.462
6.926
6.504
6.362
5.996
5.913
6.504
5.968
5.601
5.266
5.069
4.900
4.841
4.813
4.841
4.841
4.703
4.561
4.391
4.281
4.111
3.997
3.997
3.914
3.942
3.997
3.942
3.942
3.942
3.942
3.942
3.969
4.281
4.364
13.572
12.247
9.236
7.490
6.615
6.110
5.913
5.716
5.404
5.235
5.069
4.955
4.872
4.785
4.758
4.841
4.872
5.404
12.303
9.740
7.742
6.784
6.138
5.771
5.432
5.207
5.069
5.038
5.124
5.152
5.152
4.983
4.927
4.872
4.785
4.675
4.616
4.675
4.813
5.294
4.841
4.955
4.927
5.207
5.069
4.785
4.644
4.561
4.900
48.986
453.275
1576.613
934.707
295.615
178.777
137.955
127.820
119.093
98.819
88.121
79.674
72.917
67.568
79.674
74.324
63.626
63.346
60.532
56.590
54.335
50.397
47.299
45.608
46.455
44.484
40.822
38.851
37.164
36.601
43.077
46.171
40.259
38.851
41.106
38.571
35.757
34.630
60.248
113.460
76.859
66.725
60.812
56.306
52.648
78.266
147.526
686.955
306.877
196.795
154.282
132.322
116.838
106.140
97.412
90.092
84.463
79.957
78.266
70.383
66.445
62.503
58.277
55.183
53.212
54.055
56.870
62.783
144.711
101.354
77.143
66.445
61.655
57.717
55.463
60.812
470.170
306.877
147.246
119.093
106.423
99.947
90.092
81.645
78.266
73.481
69.259
65.033
62.219
60.532
63.910
61.939
54.055
51.804
50.957
48.706
46.455
45.048
43.357
43.357
132.885
104.452
72.637
61.939
57.717
54.619
52.364
50.113
53.775
81.645
59.968
54.619
52.648
50.113
48.706
47.015
45.328
43.921
43.077
41.666
44.484
50.957
44.764
40.542
37.444
35.757
34.630
33.786
32.939
32.095
31.251
30.408
29.844
28.997
27.873
27.451
26.943
26.154
27.140
26.549
25.086
23.620
23.115
23.029
23.001
22.694
21.818
20.892
24.042
27.282
38.288
36.317
46.455
42.230
315.324
442.017
106.423
75.172
62.503
64.190
76.016
72.917
57.997
51.804
49.550
51.241
99.383
64.190
69.539
54.055
49.833
58.561
61.095
56.870
79.114
65.881
67.004
68.132
56.870
52.364
48.986
46.171
43.357
41.386
39.699
37.444
35.473
34.066
32.659
30.968
29.280
27.984
27.254
31.251
38.008
30.968
27.562
25.536
25.027
24.747
23.029
21.736
20.861
20.045
19.146
18.665
18.160
17.766
17.230
16.781
16.245
15.708
15.090
85.586
32.379
27.424
26.888
23.592
21.030
19.650
18.779
17.991
17.175
16.666
16.359
15.906
15.401
14.979
22.524
22.213
16.836
15.681
14.640
13.994
13.540
13.091
12.839
12.669
13.375
13.769
13.233
12.784
12.949
12.445
12.078
11.853
11.739
11.739
11.317
11.065
10.643
10.359
10.221
10.249
9.993
9.768
9.713
9.543
9.291
9.319
9.177
10.446
9.965
9.177
8.924
9.039
8.814
9.630
9.516
9.122
8.727
8.585
8.420
8.250
8.081
8.026
7.856
7.742
7.939
7.687
7.434
7.348
7.265
7.178
7.178
6.843
6.756
6.532
6.477
6.477
6.477
6.390
6.307
6.335
6.165
6.082
6.165
6.110
6.023
5.913
5.940
5.968
5.996
5.996
5.968
5.996
6.055
6.082
6.082
6.023
5.996
5.996
5.940
5.826
5.771
5.771
5.799
5.968
7.009
7.293
7.545
6.646
6.165
5.996
5.913
5.996
6.390
7.797
7.600
7.123
6.843
6.674
6.449
6.279
6.193
6.165
30.124
54.055
25.114
17.313
14.218
12.472
11.372
10.616
10.024
9.713
9.571
9.263
9.122
8.897
8.727
8.672
8.585
8.558
8.420
8.306
8.447
8.503
8.447
8.250
8.250
8.672
16.245
18.921
16.217
14.246
13.513
12.445
11.936
11.569
11.317
10.895
10.616
10.332
10.135
10.052
10.052
10.052
9.938
9.827
9.882
9.882
9.855
9.713
9.543
9.543
9.658
9.658
9.374
9.319
9.319
9.177
9.011
8.980
8.980
8.869
8.869
32.095
20.805
18.074
16.584
15.342
14.388
13.797
13.540
13.288
13.146
13.091
12.922
12.866
12.697
12.500
12.500
12.555
13.091
13.797
13.572
13.091
12.922
15.992
17.455
16.162
15.401
14.755
14.782
14.498
14.191
13.655
13.402
13.458
13.402
13.063
12.724
12.527
13.288
12.527
12.161
12.303
14.329
16.584
15.314
14.246
13.572
13.178
13.091
12.724
12.445
12.445
12.050
12.330
12.894
12.527
12.133
12.161
11.908
11.629
11.601
11.826
12.078
12.417
12.247
11.826
13.540
16.189
12.724
11.908
11.853
12.050
13.485
12.389
11.798
11.487
11.372
11.175
11.120
11.656
15.314
12.894
12.078
11.459
11.120
11.175
11.601
16.130
15.992
13.907
13.008
12.330
11.767
11.175
10.616
10.501
10.359
10.277
9.855
9.658
9.713
10.387
11.798
12.106
11.262
10.978
10.446
10.813
13.233
11.908
11.120
10.616
9.910
9.658
9.319
8.617
8.191
8.164
7.939
7.769
7.517
7.545
8.136
7.687
7.462
9.122
11.487
10.304
9.571
8.727
8.420
8.530
8.164
8.333
8.503
8.278
7.797
7.320
6.926
6.729
6.729
6.674
6.615
6.981
7.939
8.191
8.842
8.585
8.108
7.375
7.178
6.981
7.434
7.600
8.306
8.814
8.897
8.503
8.164
11.148
11.881
10.501
9.658
8.755
8.164
7.714
7.403
7.178
7.009
6.784
6.559
6.417
6.252
6.138
5.913
5.771
5.629
5.463
5.519
5.377
5.152
5.069
5.010
4.927
4.872
4.785
4.703
4.419
4.308
4.222
4.084
4.139
3.942
3.855
3.690
3.493
3.351
3.295
3.181
3.154
3.098
3.098
2.984
2.956
2.842
2.787
2.815
2.759
2.704
2.562
2.535
2.479
2.420
2.365
2.338
2.251
2.223
2.223
2.196
2.196
2.168
2.168
2.140
2.168
2.113
2.113
2.535
2.338
2.338
2.420
2.393
2.590
2.590
2.507
2.420
2.420
2.448
2.479
3.067
8.081
12.389
8.783
6.220
4.983
4.506
4.111
3.828
3.575
3.461
3.378
3.236
3.181
3.067
3.098
3.039
2.929
3.209
3.181
3.126
3.098
3.181
3.154
3.181
3.181
3.154
3.012
3.012
3.039
3.067
3.067
3.067
2.984
2.956
2.984
2.956
92.627
18.921
7.434
5.601
4.785
4.281
3.969
3.745
3.575
3.603
3.493
3.520
3.575
3.603
3.772
3.800
3.828
3.745
3.690
3.630
3.630
3.630
3.658
3.828
3.914
3.942
3.887
4.139
3.997
4.281
3.969
3.772
3.658
3.603
3.603
3.630
3.717
3.658
3.603
3.658
3.690
3.658
3.603
3.630
3.658
3.717
3.717
3.717
3.630
3.630
3.630
3.690
3.630
3.575
3.575
3.461
3.378
3.323
3.295
3.323
3.406
3.461
3.461
3.520
3.461
3.690
3.690
3.658
3.575
3.493
3.323
3.323
3.378
3.433
3.433
3.378
3.351
3.295
3.323
3.295
3.236
3.264
3.295
3.351
3.323
3.433
3.461
3.603
3.658
3.603
3.433
3.461
3.433
3.630
3.914
4.900
5.574
5.294
5.038
4.730
4.419
4.249
4.111
4.052
3.942
3.887
3.887
3.887
3.855
3.828
3.887
3.887
3.828
3.855
4.084
4.336
4.167
4.025
3.942
3.855
3.717
3.690
3.717
3.772
3.772
7.994
18.610
10.304
7.572
6.279
5.629
5.322
5.377
5.207
5.235
5.069
4.955
5.491
9.346
5.010
4.841
4.983
5.349
4.983
5.038
4.872
5.235
18.834
21.736
15.992
13.119
11.459
10.304
9.516
8.980
8.585
8.420
8.223
8.164
7.742
7.320
7.009
6.784
6.646
6.587
6.615
6.417
6.504
6.252
5.940
5.826
5.716
5.688
5.519
5.349
5.294
5.207
5.266
5.688
5.294
5.180
4.983
4.758
4.675
4.675
5.038
5.404
4.872
4.758
4.703
5.069
6.165
8.814
11.432
9.855
9.011
8.223
7.600
7.434
7.040
6.756
6.532
6.220
5.940
5.771
31.531
157.380
127.820
51.804
34.630
27.309
23.395
20.466
18.357
17.033
15.653
14.668
14.163
13.375
12.669
12.161
11.853
11.404
10.501
10.107
9.571
9.039
8.672
8.388
8.388
8.136
7.687
7.123
6.843
6.843
6.843
6.843
6.898
7.151
7.714
8.108
7.009
6.587
6.674
6.756
6.674
6.587
8.447
11.881
9.319
7.320
6.417
5.885
5.404
5.038
4.841
4.616
4.446
4.364
4.167
4.052
3.855
3.800
3.690
3.520
3.461
3.323
3.295
3.236
3.126
3.887
3.969
3.603
3.351
3.098
2.984
2.787
2.704
2.617
2.590
2.507
2.420
2.365
2.365
2.365
2.338
2.310
2.310
2.338
2.365
2.365
2.310
2.251
2.223
2.140
2.168
2.140
2.168
2.196
2.310
2.420
2.338
2.310
2.310
2.251
2.223
2.223
2.310
2.590
2.787
2.984
2.732
2.448
2.365
2.282
2.223
2.196
2.168
2.196
2.251
2.168
2.113
2.113
2.251
4.758
7.939
6.335
5.124
4.391
4.084
4.533
4.841
8.842
6.646
5.124
4.336
3.855
3.520
3.295
3.209
3.067
2.901
2.901
2.815
2.787
2.677
2.617
2.645
2.617
2.645
2.677
2.645
2.956
40.259
7.517
5.377
4.364
3.942
3.630
3.493
3.575
3.630
4.025
6.279
7.095
5.322
4.841
4.478
4.194
3.997
14.585
14.585
10.332
7.797
6.756
6.082
5.716
5.322
5.180
5.124
4.927
6.898
11.514
9.149
7.994
7.068
6.449
6.110
5.858
5.826
5.688
5.661
7.206
10.616
9.516
8.475
7.742
7.237
6.981
6.504
6.279
6.362
6.362
6.335
6.055
5.885
5.661
5.463
5.519
5.771
5.688
5.799
5.743
5.661
5.519
5.519
36.037
13.458
9.768
8.333
7.687
7.769
8.700
7.967
7.403
7.040
6.898
6.559
6.449
6.307
6.279
6.138
6.138
6.193
19.315
28.997
25.114
20.131
17.175
15.314
14.218
13.402
12.642
12.445
11.936
11.514
10.951
10.671
10.446
10.359
11.459
12.949
11.234
10.584
10.162
9.827
9.461
9.236
8.980
8.924
8.672
8.475
8.333
8.475
8.585
8.530
8.191
7.829
7.687
7.600
7.572
7.434
7.206
7.206
7.040
7.009
6.871
6.843
6.898
6.981
6.898
6.898
6.926
7.095
7.068
6.898
6.729
6.559
6.477
6.335
6.193
6.193
6.165
6.279
6.532
6.532
6.477
6.335
6.279
6.279
6.279
6.335
6.252
6.587
7.178
6.587
6.138
5.996
6.082
8.842
22.946
19.343
14.274
12.586
11.404
10.616
10.079
9.713
9.461
9.236
8.952
8.672
8.475
8.250
7.994
7.769
7.769
7.884
7.856
7.742
7.545
8.053
13.402
12.050
11.372
10.107
9.346
8.814
8.250
7.967
7.517
7.265
7.237
7.095
7.068
7.572
8.503
8.558
8.053
7.742
7.095
6.701
6.532
6.362
6.220
6.082
5.996
5.661
5.601
5.546
5.404
5.463
5.404
5.294
5.180
7.434
12.161
8.617
7.178
6.504
6.138
5.913
5.629
5.294
5.010
4.927
4.813
4.446
4.167
4.052
3.997
4.222
5.069
6.307
8.783
10.616
8.081
111.773
83.052
43.921
27.254
21.227
17.821
15.823
14.526
13.513
12.752
11.936
11.262
12.220
16.556
13.852
11.908
10.868
9.993
9.319
8.842
8.530
8.333
8.164
7.769
7.403
7.009
6.674
6.417
6.252
7.545
8.026
38.288
18.160
13.091
10.698
9.713
9.599
8.980
8.585
8.842
8.250
7.687
7.206
6.871
6.532
6.279
5.940
5.688
5.432
5.207
5.010
4.841
4.561
4.336
4.194
4.111
3.969
3.828
3.745
3.690
3.548
3.433
3.603
3.493
3.828
4.281
3.969
3.717
3.461
3.406
3.323
3.295
3.209
2.984
2.842
2.787
2.759
2.645
2.645
2.704
2.617
2.562
2.507
2.393
2.535
2.479
2.448
2.420
2.365
2.393
2.590
2.956
3.039
3.012
3.548
2.645
2.677
2.732
2.590
2.365
2.310
2.251
2.310
2.282
2.223
2.168
2.196
2.168
2.617
3.690
3.914
3.461
3.098
3.406
4.561
14.979
30.688
16.103
11.148
8.924
7.797
7.068
6.532
6.110
5.799
5.463
5.661
5.294
5.097
4.813
4.588
4.446
4.419
4.336
4.308
4.249
4.167
4.025
3.887
3.828
3.772
3.800
3.800
3.772
3.630
3.658
3.575
3.520
3.493
3.520
3.520
3.520
3.603
3.630
4.025
12.106
22.240
10.277
7.348
6.138
5.858
5.629
5.377
5.069
4.983
4.758
4.561
4.588
4.506
4.391
4.364
4.533
4.730
5.771
5.885
5.463
5.207
4.955
4.758
4.644
4.644
4.616
4.478
4.364
4.281
4.281
4.308
4.364
4.336
4.364
4.194
4.194
4.222
4.139
4.052
4.052
4.084
4.167
4.249
4.364
4.249
4.364
4.506
4.758
5.207
4.533
4.391
4.249
4.111
4.111
4.111
4.167
4.111
4.111
4.194
4.281