5.463
5.294
5.038
4.872
4.872
4.872
4.730
4.644
4.561
4.561
4.561
4.561
4.478
4.391
4.391
4.561
4.561
4.561
4.730
4.872
5.038
5.207
5.294
5.294
5.124
5.038
4.785
4.730
4.730
4.730
4.730
4.730
4.644
4.561
4.478
4.478
4.391
4.308
4.391
4.561
4.561
4.391
4.308
4.308
4.308
4.391
4.478
4.478
4.730
4.644
4.561
4.391
4.364
4.222
4.084
3.942
3.914
3.914
3.914
3.942
3.855
3.717
3.828
3.800
3.745
3.690
3.772
3.800
3.800
3.745
3.772
3.914
3.969
3.914
3.887
3.855
3.772
3.658
3.745
3.603
3.520
3.548
3.548
3.520
3.520
3.575
5.235
12.949
8.306
6.390
5.771
5.266
5.152
5.152
4.785
4.533
4.391
4.222
4.025
3.800
3.772
3.772
3.772
3.997
3.997
4.167
3.997
3.887
3.690
3.658
3.603
3.603
3.603
3.603
3.603
3.942
4.533
5.629
4.872
4.336
4.025
3.942
4.052
3.800
3.717
3.548
3.603
3.630
3.969
5.661
5.491
4.703
4.588
4.872
5.799
5.601
5.601
15.259
10.868
16.808
14.892
14.443
14.498
10.868
9.993
9.374
7.632
7.206
6.812
6.417
6.110
5.940
5.629
5.038
4.955
4.785
4.533
4.336
4.249
3.942
3.800
3.914
3.690
3.575
3.575
3.520
3.351
3.181
3.039
2.929
2.815
2.732
4.111
3.520
2.929
2.590
2.365
2.196
2.113
2.054
2.054
1.888
1.774
1.660
2.026
1.801
1.632
1.549
1.435
1.407
1.380
1.352
1.297
1.297
1.297
1.265
1.238
1.183
1.183
1.155
1.100
1.100
1.041
0.985
1.100
1.100
1.183
1.210
1.155
1.127
1.155
1.127
1.068
1.068
0.930
0.761
0.761
0.733
0.788
0.985
0.930
0.844
0.871
1.265
1.265
1.127
1.183
1.127
1.013
0.844
0.761
0.844
0.871
1.324
2.113
1.801
1.632
1.352
1.324
1.265
1.265
1.155
1.127
1.660
1.183
1.100
1.041
1.013
1.013
1.068
3.012
90.656
100.511
40.259
23.226
15.231
11.262
9.177
7.714
6.532
5.858
5.294
5.038
4.478
4.167
3.942
3.887
3.745
3.603
3.603
3.658
5.940
7.293
76.859
41.386
21.058
14.865
11.345
9.461
8.700
7.348
6.784
6.279
5.826
5.463
5.152
4.927
4.813
4.785
110.925
74.045
24.325
36.880
23.734
15.598
12.161
10.332
9.177
8.081
7.490
7.403
6.954
6.843
6.646
6.252
6.055
5.858
5.858
5.661
5.519
5.235
5.124
4.927
4.955
4.872
4.588
4.446
4.308
4.249
4.249
5.010
6.138
7.742
6.532
5.661
5.235
5.266
5.349
5.463
5.661
7.545
11.798
10.249
8.924
8.223
8.191
8.081
7.490
7.375
7.517
7.600
7.600
7.600
7.490
7.600
7.600
7.178
6.954
6.843
6.954
7.068
7.009
6.843
6.756
6.449
6.335
6.756
6.756
6.843
6.756
6.646
6.532
6.279
6.138
5.996
5.858
5.716
5.601
5.491
5.463
5.349
5.404
5.404
5.404
5.404
5.404
5.404
5.322
5.207
5.491
5.404
5.294
5.152
5.069
5.629
5.996
6.954
6.390
6.055
6.055
6.023
5.771
5.629
5.349
5.266
5.235
5.266
5.432
5.124
4.841
4.955
5.322
5.799
5.913
5.574
5.404
5.519
5.799
6.390
5.661
5.574
5.574
5.491
5.377
5.266
5.152
5.069
5.038
4.900
4.730
4.675
4.446
4.533
4.588
4.675
5.180
5.463
6.898
81.928
56.870
27.392
20.833
18.188
15.598
14.498
13.458
15.539
26.746
23.423
20.805
18.637
17.285
16.836
15.484
14.246
14.443
13.824
12.811
12.023
11.711
11.569
11.404
11.345
85.870
64.754
30.408
22.579
19.370
17.991
17.739
16.130
14.557
14.218
13.907
13.343
12.811
12.614
12.330
11.798
11.262
10.726
10.643
10.671
11.739
87.557
38.008
24.692
18.133
47.579
139.926
59.968
36.880
28.997
25.508
23.986
21.369
19.650
18.949
20.723
22.355
20.186
17.569
16.103
14.952
14.360
13.879
12.161
11.936
11.826
11.290
10.840
10.643
10.221
9.796
9.236
8.420
8.250
7.884
7.490
8.223
21.030
13.710
9.827
8.447
7.714
7.462
12.500
11.684
9.882
9.177
10.501
166.671
65.597
34.909
27.424
23.734
20.892
23.509
25.930
89.249
209.465
231.705
271.967
489.875
204.959
109.238
83.899
71.510
63.346
56.870
51.804
47.579
47.863
46.455
44.484
40.822
37.728
35.473
33.786
31.815
30.408
34.630
39.699
36.037
31.251
29.560
27.786
26.915
25.197
23.482
22.382
21.286
20.159
19.512
18.527
17.510
16.863
16.020
15.484
14.979
14.191
13.627
13.288
13.343
13.710
13.375
12.784
12.247
11.404
10.781
10.501
10.221
9.910
9.796
9.401
9.488
9.094
9.374
9.543
9.599
9.039
8.475
8.530
8.191
7.939
8.842
12.642
11.964
10.304
9.177
8.617
8.388
8.164
7.659
7.403
7.151
7.068
7.068
7.462
7.545
7.403
18.555
10.698
8.727
7.994
7.434
7.293
6.843
6.449
6.220
5.885
5.826
19.962
17.033
15.401
9.291
7.265
6.449
6.023
5.799
5.601
5.463
5.294
5.069
4.785
4.533
4.249
4.167
3.914
3.914
3.717
3.690
3.658
3.433
36.037
202.424
96.848
35.757
23.845
18.074
15.176
13.572
433.569
89.249
54.899
42.230
33.786
26.860
24.014
22.524
21.479
23.537
22.213
20.045
18.357
16.808
16.272
15.768
15.653
25.169
20.301
17.175
15.570
14.526
14.021
14.049
13.375
13.513
14.640
13.769
12.981
12.949
12.811
12.839
12.811
12.724
12.527
12.078
11.853
11.432
10.387
10.529
10.978
10.978
10.978
10.671
10.671
10.529
10.671
10.978
10.978
10.529
10.277
9.855
9.713
9.713
9.713
9.910
10.249
9.993
9.855
9.740
9.488
9.571
9.488
9.204
9.177
8.924
8.700
8.755
8.897
9.066
8.814
8.420
8.191
8.191
8.278
8.306
8.278
8.191
8.250
8.306
8.306
8.420
8.164
7.884
7.769
7.659
7.545
7.490
7.462
7.206
7.545
7.659
7.797
7.856
7.714
7.293
7.293
7.293
7.293
7.293
7.348
7.178
6.926
6.812
6.417
6.335
6.335
6.335
6.532
6.532
6.701
6.335
6.252
6.252
6.193
6.138
6.193
6.252
6.220
6.138
6.138
5.940
5.858
5.771
5.771
5.771
5.688
5.519
5.491
5.574
6.252
6.981
6.390
5.996
5.771
6.335
7.856
8.306
7.545
6.812
6.615
6.532
6.279
6.055
5.858
5.799
5.629
5.771
5.771
5.858
5.940
5.771
5.661
5.661
5.574
5.574
5.519
5.377
5.294
5.377
5.629
5.996
6.023
5.574
5.519
5.491
5.661
5.858
5.858
5.858
5.826
5.688
5.432
5.294
4.983
4.841
4.813
4.900
5.038
4.927
4.841
4.758
4.644
4.900
5.180
4.419
4.419
4.478
4.588
4.927
5.404
6.701
7.600
7.068
6.926
6.812
5.661
4.730
4.194
4.730
4.927
5.463
5.519
5.180
6.477
11.684
8.700
7.123
6.477
6.362
6.729
147.246
160.479
52.084
31.531
24.211
19.370
16.891
15.484
13.994
12.614
11.826
12.358
13.008
11.656
10.868
10.418
10.304
8.869
8.897
8.306
7.714
7.403
6.954
6.587
6.220
5.940
5.799
5.491
5.266
5.097
9.882
84.463
22.355
15.149
12.472
11.148
10.418
9.488
8.783
8.223
9.263
8.897
8.475
7.237
5.996
6.587
6.252
6.055
5.519
5.771
6.477
5.601
4.841
3.969
4.478
4.588
4.588
4.506
4.391
4.139
4.025
3.800
3.745
4.025
3.800
3.433
3.264
3.154
3.126
2.929
2.901
2.929
3.039
3.126
3.295
3.433
3.154
2.901
2.787
2.617
2.535
2.448
2.338
2.310
2.196
2.168
2.140
2.113
2.251
4.813
4.194
3.690
3.520
3.126
2.842
2.677
2.507
2.677
2.393
2.420
2.507
2.590
2.507
2.223
2.223
2.140
2.113
2.054
2.026
1.971
1.971
1.888
1.888
1.857
1.801
1.801
2.026
2.085
1.971
1.943
1.829
1.829
1.829
1.943
1.971
1.888
22.240
3.745
3.154
2.842
2.787
2.590
3.603
3.264
2.984
2.759
2.562
2.562
2.535
2.365
2.393
2.251
2.251
2.196
2.196
2.168
2.196
2.223
2.365
2.507
2.479
2.507
2.59
2.562
2.535
2.645
2.535
2.507
2.42
2.365
2.251
2.196
2.196
2.196
2.196
2.196
2.196
2.223
2.251
2.251
2.251
2.251
2.251
2.282
2.759
2.759
3.745
3.181
3.039
2.787
2.732
2.732
2.732
2.704
2.562
2.448
2.42
2.365
2.365
2.393
2.479
2.535
2.562
2.59
2.617
2.704
2.732
3.433
4.111
7.659
7.32
5.826
5.491
5.601
5.235
4.9
4.872
4.73
4.588
4.506
4.139
3.772
3.772
3.63
3.52
3.461
3.406
3.745
3.887
3.887
3.717
3.264
2.984
2.874
2.842
2.842
2.842
2.874
3.209
3.209
3.323
2.874
2.31
2.196
2.113
2.31
3.154
3.209
3.209
3.209
3.209
3.209
3.209
3.154
3.209
3.154
3.154
3.098
3.067
3.067
3.181
3.323
3.323
3.351
3.493
3.745
3.8
3.603
3.461
3.295
3.264
3.209
3.098
3.098
3.098
3.012
3.012
2.984
3.154
3.154
4.249
4.249
4.194
3.887
3.828
3.997
3.942
3.745
4.222
5.152
7.967
7.462
6.138
5.688
5.18
4.872
4.533
4.308
4.111
4.025
3.887
3.914
3.887
3.8
3.8
4.084
11.345
12.05
9.263
7.348
6.898
6.165
5.661
5.294
5.124
4.955
4.983
6.756
7.517
6.954
5.94
5.432
5.152
5.097
5.661
5.601
5.432
9.658
11.514
7.911
6.756
6.193
5.661
5.463
5.207
5.266
4.644
4.561
4.478
4.533
4.478
4.336
4.308
4.249
4.364
4.281
4.025
3.887
3.8
3.8
3.745
3.69
3.658
3.603
3.575
3.52
3.548
3.603
3.461
3.433
3.323
3.264
3.295
3.323
3.351
3.378
3.154
3.012
2.929
2.929
2.562
2.42
2.507
2.59
2.617
2.732
2.901
3.236
3.323
3.745
3.658
3.295
23.395
53.212
27.759
13.879
9.011
7.04
5.968
5.266
4.841
4.478
4.194
3.969
3.69
3.658
3.658
3.658
30.968
16.919
10.387
8.897
7.517
6.39
5.688
5.097
4.703
8.98
27.507
30.124
17.344
12.417
9.685
8.191
7.237
6.615
6.055
5.743
12.586
21.933
10.501
8.053
6.926
6.023
5.349
4.841
4.446
4.194
3.942
4.139
3.914
4.111
3.887
3.575
3.433
3.264
3.154
3.433
3.461
4.139
5.771
8.842
6.587
5.404
4.785
4.336
3.942
3.658
3.461
3.209
2.956
2.815
2.677
2.562
2.507
2.42
2.31
2.196
2.168
2.14
2.14
2.113
2.393
2.787
3.323
2.956
2.787
2.704
3.295
2.704
2.448
2.393
2.31
2.14
2.054
2.054
1.943
1.801
1.719
1.719
1.66
1.632
1.604
1.577
1.577
1.522
1.462
1.407
1.38
1.38
1.352
1.324
1.324
1.38
1.435
1.604
2.14
2.393
2.168
1.971
1.857
1.999
2.026
1.943
2.054
1.774
1.719
1.774
1.829
1.746
1.719
1.719
1.691
1.691
1.691
1.66
1.66
1.632
1.604
1.577
1.549
1.549
1.522
1.522
27.451
8.897
4.336
3.63
3.351
2.759
2.562
2.365
2.31
2.282
2.282
2.645
3.914
5.601
4.533
3.914
3.351
2.984
2.815
2.704
2.645
2.617
2.59
2.562
2.562
2.617
2.617
4.813
24.184
7.151
5.858
5.069
4.249
3.828
3.603
3.433
3.323
3.181
3.039
3.012
3.039
3.012
2.929
2.929
3.067
3.039
2.984
3.914
3.52
3.351
3.154
3.154
3.181
3.098
3.126
3.406
3.351
3.264
3.154
3.012
2.984
2.901
3.012
2.984
2.929
2.901
3.039
4.533
4.588
4.281
3.406
3.039
2.929
2.956
2.842
2.842
2.815
2.732
2.759
2.815
2.842
2.759
2.759
2.842
2.929
3.126
3.126
3.126
3.039
2.984
2.929
3.012
3.8
5.885
4.841
3.828
3.548
3.406
4.025
4.084
4.084
3.8
2.874
2.393
2.535
2.956
3.209
3.154
3.098
2.984
2.956
3.351
3.378
2.645
2.168
2.054
1.999
1.916
1.888
1.857
1.801
2.338
2.732
2.815
2.815
2.984
3.181
3.039
3.039
2.984
2.929
2.842
2.901
2.787
2.815
2.787
2.787
2.842
2.787
2.704
2.759
2.645
2.617
3.098
2.562
2.282
2.479
2.507
2.535
2.535
2.562
2.562
2.479
2.479
2.448
2.535
2.535
2.535
2.562
2.479
2.448
2.507
2.507
2.42
2.365
2.31
2.196
2.168
2.14
2.223
2.196
1.999
1.943
2.113
2.113
1.829
1.943
1.943
1.916
1.971
2.054
2.054
2.026
2.085
1.916
1.801
1.829
2.085
1.801
1.604
1.522
1.462
1.407
1.38
1.407
1.324
1.324
1.38
1.297
1.265
1.265
1.238
1.238
1.38
1.265
1.183
1.155
1.265
1.127
1.068
1.1
1.068
0.985
0.903
0.871
0.844
0.844
0.816
0.871
0.816
0.788
0.844
0.958
1.041
1.068
2.901
2.956
2.113
1.857
1.632
1.462
1.324
1.21
1.127
1.1
1.013
0.985
1.324
1.297
1.21
1.324
1.549
1.691
2.026
1.522
1.857
1.66
1.407
1.324
1.183
1.041
0.985
0.871
0.816
0.788
0.733
0.674
0.619
0.619
0.564
0.536
0.449
0.422
0.591
0.564
0.509
0.394
0.339
0.28
0.209
0.181
0.217
0.339
0.311
0.26
0.229
0.197
0.181
0.146
0.122
0.095
0.083
0.075
0.059
0.039
0.039
0.032
0.039
0.079
0.083
0.063
0.051
0.13
0.449
1.352
0.958
0.761
0.844
0.816
0.733
0.674
0.619
0.591
0.564
0.509
0.449
0.422
0.422
0.394
1.21
1.407
0.733
0.536
1.068
0.93
0.619
0.536
0.509
0.477
0.449
0.394
0.339
0.272
0.24
0.229
0.209
0.17
0.17
0.24
0.272
0.24
0.477
0.733
0.591
0.449
0.509
0.536
0.536
0.509
0.449
0.394
0.339
0.311
0.272
0.24
0.217
0.189
0.17
0.252
0.272
0.26
0.24
0.225
0.201
0.17
0.181
0.422
0.477
0.477
0.509
0.509
0.536
0.564
0.619
21.424
7.403
2.42
1.38
1.999
1.746
1.407
2.874
2.365
2.14
1.801
1.549
1.435
1.352
1.238
1.38
7.009
5.124
4.478
19.709
19.907
22.437
35.757
15.598
10.418
11.767
7.403
6.39
5.716
5.069
4.616
4.308
4.052
3.855
3.69
3.52
3.323
3.181
3.126
3.098
3.012
2.956
3.126
2.984
3.63
3.433
3.236
3.181
3.264
3.69
4.084
4.703
4.336
4.139
3.69
3.603
3.433
3.264
3.264
3.323
3.406
3.63
3.433
3.378
3.323
3.236
3.264
3.433
3.69
6.981
59.404
26.521
17.372
13.627
11.767
10.643
9.401
8.672
8.278
7.517
7.178
7.178
7.265
7.32
10.052
96.285
478.613
64.19
41.386
31.251
25.93
22.016
19.256
17.569
16.781
15.034
13.288
13.627
14.695
15.598
16.978
19.256
24.239
24.239
22.973
19.709
17.794
16.584
16.189
15.795
15.598
14.865
14.865
14.132
13.797
13.627
13.288
12.811
12.472
12.161
12.161
12.161
12.161
11.711
11.711
11.404
11.12
10.529
10.249
10.135
10.135
9.713
9.571
9.571
9.319
9.177
9.177
9.177
9.571
60.248
82.492
44.201
28.717
23.734
21.314
25.705
25.705
22.749
21.539
19.059
17.372
17.372
17.569
16.781
16.386
14.695
12.949
15.034
44.764
40.542
31.815
27.873
24.775
22.24
22.804
22.804
21.397
19.426
18.018
17.175
16.327
20.553
21.117
18.862
17.739
16.047
14.64
14.077
13.935
13.797
13.513
13.233
12.669
12.389
12.527
12.949
13.091
13.233
13.233
25.93
21.314
16.584
15.034
14.132
13.682
12.023
13.797
14.246
14.163
13.178
12.445
12.358
12.275
12.05
12.161
12.133
13.375
12.697
13.146
12.922
12.023
11.29
10.753
10.221
9.965
9.685
8.952
9.401
9.543
9.74
8.98
8.53
10.446
112.052
37.164
19.709
16.189
15.034
13.119
11.853
13.458
12.472
10.529
9.993
9.855
9.461
8.924
8.306
7.856
7.714
7.375
106.983
489.875
51.521
26.352
15.992
14.132
12.33
12.33
12.161
11.853
11.262
10.387
9.571
12.472
28.437
15.429
12.472
61.375
43.357
17.569
15.768
14.36
12.389
11.262
10.418
9.855
9.291
9.011
9.855
8.727
8.447
8.447
8.026
8.447
8.164
7.884
7.6
65.317
47.579
19.481
16.189
13.233
11.542
10.418
9.855
9.291
8.869
8.447
8.164
7.742
7.32
7.04
6.615
6.335
6.055
5.913
5.771
5.491
5.629
5.207
5.01
4.841
4.703
4.588
4.478
4.336
4.222
4.052
3.997
3.914
3.914
3.772
3.8
3.717
3.658
3.603
3.52
3.575
3.461
3.295
3.154
2.956
2.901
2.617
2.393
2.956
2.956
2.901
3.406
3.603
2.956
2.787
2.787
3.209
6.335
6.055
5.038
5.038
5.207
5.404
4.644
4.955
7.49
5.491
4.644
4.084
4.308
3.942
3.603
3.52
3.52
3.323
3.264
3.154
3.264
3.406
12.642
14.498
7.517
6.023
5.432
5.069
4.813
4.588
4.478
4.419
4.364
4.222
3.887
3.997
4.084
4.052
11.569
8.617
6.898
6.39
10.895
777.047
76.579
44.484
32.659
26.438
22.694
20.695
18.976
17.061
15.429
14.64
14.104
13.6
14.64
14.36
13.178
12.642
12.078
12.5
12.106
11.459
11.148
10.923
18.976
14.64
12.527
11.767
11.404
11.065
10.923
10.781
10.474
10.249
10.304
10.304
10.895
10.726
10.387
37.164
28.437
21.03
19.343
18.243
16.808
15.681
15.933
15.653
15.117
14.837
14.526
14.416
14.246
34.066
29.56
22.24
20.045
19.146
18.862
18.357
17.766
17.116
16.753
16.217
16.13
15.965
15.484
14.892
14.557
14.526
14.416
14.163
13.738
13.43
13.146
12.981
12.472
11.601
10.84
11.175
11.459
11.065
12.247
13.485
12.05
11.487
12.247
11.881
10.418
10.418
10.446
10.556
10.387
10.895
10.556
9.401
8.869
8.25
9.516
9.938
9.938
9.74
8.814
8.98
8.617
8.869
9.571
18.271
50.397
19.989
16.978
15.484
16.075
15.484
15.034
14.471
14.049
13.797
13.797
13.513
12.389
13.119
12.614
11.514
11.148
10.698
10.387
10.249
10.698
10.501
10.643
11.234
10.698
10.332
10.162
9.91
10.556
9.796
8.98
8.503
8.7
9.177
9.204
9.011
8.503
7.403
6.898
6.812
7.095
7.911
7.967
7.797
7.687
7.403
7.265
7.178
7.151
6.926
6.954
6.926
6.871
6.701
6.587
6.615
6.559
6.646
6.756
6.871
6.926
6.926
6.756
6.615
6.729
7.659
8.306
8.164
7.6
7.009
6.39
6.082
6.055
6.055
6.138
6.023
5.826
5.629
5.349
5.18
4.955
4.841
4.872
4.9
4.872
4.9
5.01
5.152
4.983
4.813
4.872
4.872
4.785
5.01
10.978
6.477
53.492
13.375
10.556
8.952
8.388
8.026
7.797
7.265
5.858
5.629
5.858
5.629
5.349
5.152
5.207
12.275
28.125
22.437
16.359
12.866
31.251
30.408
25.453
53.775
30.408
22.579
18.779
23.115
20.581
20.017
18.271
16.611
32.939
26.407
24.042
18.413
15.878
14.81
26.352
25.283
22.579
19.481
17.344
15.85
14.723
14.132
13.655
13.119
12.358
11.881
11.459
10.895
10.418
10.052
9.713
9.346
9.066
8.585
8.306
8.081
7.884
7.797
7.6
7.517
7.403
7.32
7.49
7.293
6.954
6.587
6.362
6.362
6.193
5.858
5.601
5.322
5.124
4.872
4.644
4.419
4.281
4.167
3.997
3.887
3.69
3.8
3.717
3.69
3.63
3.828
3.745
3.603
3.52
4.111
3.603
3.828
3.575
3.52
3.461
3.351
3.264
3.126
3.098
3.012
2.984
3.039
3.154
3.52
3.745
3.828
4.139
3.69
3.493
5.069
7.856
5.661
4.9
4.758
140.489
75.452
20.581
14.498
11.995
9.993
21.058
13.233
10.978
9.236
8.306
7.769
7.348
7.04
6.954
6.756
6.477
6.362
6.252
6.055
5.94
130.071
30.124
15.736
12.133
9.965
8.98
8.108
7.375
7.009
9.571
16.162
15.034
13.146
11.711
17.597
199.61
176.806
63.626
43.357
33.786
29.56
26.407
23.904
22.13
21.227
32.939
62.503
68.132
47.299
41.666
37.164
33.222
30.408
28.437
26.888
25.536
24.55
23.762
25.678
51.521
36.601
31.251
29.28
26.746
25.311
24.239
23.565
22.804
22.13
21.933
21.763
21.424
21.002
20.553
20.269
19.65
19.595
19.343
18.976
21.369
23.876
20.017
18.976
18.61
18.101
17.707
17.202
16.863
16.556
16.359
16.386
16.95
18.188
17.766
19.398
35.193
29.844
26.493
26.296
44.764
42.793
39.135
38.008
38.288
35.757
33.786
113.46
183.846
124.442
95.441
84.743
77.423
67.568
63.626
60.532
56.026
52.084
48.706
46.455
44.484
42.513
40.259
38.851
37.728
35.193
36.88
34.346
32.939
31.815
31.251
30.408
29.56
29.56
34.346
30.688
28.07
27.254
27.282
26.296
25.815
25.059
23.845
23.226
22.918
22.891
22.016
21.424
21.341
21.03
20.356
19.792
19.737
22.973
23.482
21.089
19.737
19.087
18.949
18.637
18.188
18.16
18.33
18.101
16.95
16.722
16.497
17.033
17.624
17.147
16.524
20.131
22.41
41.106
44.764
39.415
35.193
32.095
30.688
29.56
27.928
27.479
27.057
26.604
25.788
25.536
28.125
29.56
27.168
26.241
25.733
25.169
28.997
35.193
29.28
27.562
26.915
26.549
26.044
25.169
23.845
23.62
23.395
23.253
22.102
21.539
21.089
20.636
20.301
19.678
19.315
19.229
20.301
20.636
19.453
18.89
18.555
18.188
17.624
17.175
16.386
15.626
15.259
15.287
14.952
14.695
14.443
14.077
14.021
14.218
14.557
15.456
15.342
14.388
13.54
12.949
12.555
12.586
12.192
12.192
13.627
18.89
16.02
14.163
13.091
12.527
12.247
12.078
11.601
11.487
11.207
11.207
13.205
14.021
14.132
13.375
62.783
31.815
21.676
18.133
16.584
16.075
15.598
14.498
13.907
168.922
368.816
140.489
166.108
136.547
265.491
667.245
439.198
213.406
160.758
135.7
132.322
197.639
360.368
416.678
340.663
263.24
190.319
150.624
130.635
116.274
106.703
97.132
88.685
81.928
76.859
70.666
66.445
61.939
58.277
53.492
50.957
48.986
48.706
45.892
43.077
39.415
37.444
35.757
34.066
33.222
32.379
32.095
31.531
29.844
28.437
27.309
26.493
27.057
233.96
900.921
96.569
66.445
55.463
50.397
47.579
43.077
40.259
38.008
37.728
35.473
33.222
30.968
29.28
27.901
26.663
25.705
24.889
24.211
23.423
22.496
21.676
20.892
20.581
20.072
19.568
19.229
21.117
18.976
17.991
17.427
16.891
16.469
15.992
15.539
15.149
14.81
14.585
14.301
13.935
13.6
13.655
22.634
20.186
19.568
19.229
17.849
16.327
15.429
14.865
14.526
14.274
14.498
14.36
13.769
15.768
20.778
18.724
16.047
14.865
14.471
14.585
14.952
14.668
14.021
13.316
12.922
12.33
12.22
11.964
11.881
11.739
11.767
11.601
11.432
10.923
10.474
10.221
9.91
9.827
9.658
9.433
9.291
9.094
8.924
8.783
8.617
8.727
8.672
8.672
8.585
8.585
8.585
8.53
8.475
8.558
9.122
8.869
8.645
8.755
8.755
8.42
8.25
8.053
8.026
7.911
7.939
7.769
7.742
7.742
7.769
7.687
7.6
8.361
15.456
12.023
9.855
8.897
8.727
8.475
8.503
8.672
10.643
10.643
9.401
8.783
8.503
8.306
8.306
8.223
9.039
8.278
8.191
8.108
8.081
7.967
7.967
7.769
8.081
8.278
8.223
8.081
7.939
7.687
7.293
7.206
7.293
7.434
7.348
7.095
6.926
6.954
6.843
7.009
8.108
10.529
11.372
10.277
9.658
9.149
8.814
10.923
11.514
9.571
8.897
8.53
8.503
8.278
8.164
8.108
7.884
7.856
7.911
8.136
8.108
7.967
7.769
7.769
7.769
7.687
7.6
7.517
7.545
7.687
7.659
7.572
7.434
7.293
7.123
7.237
7.293
7.04
6.981
6.954
7.009
7.009
7.04
7.095
7.123
7.095
7.095
7.009
6.926
6.926
6.926
6.926
6.926
6.926
6.674
6.646
6.532
6.559
6.39
6.193
6.11
6.477
6.701
6.843
6.587
6.504
6.335
6.138
6.138
6.055
6.279
6.954
6.784
6.532
6.504
6.279
6.279
6.252
6.055
5.996
6.138
6.023
6.082
6.055
5.94
5.491
5.18
5.349
5.432
6.674
8.672
8.503
6.898
6.477
6.279
6.279
6.279
6.252
6.165
6.055
5.940
5.826
5.688
5.826
5.743
5.661
5.574
5.432
5.463
5.463
5.463
5.432
5.432
5.519
5.491
5.404
5.322
5.266
5.180
5.152
5.124
4.927
4.900
4.785
4.703
4.730
4.616
4.419
4.446
4.446
4.506
4.222
4.281
4.478
4.703
4.983
4.758
4.561
4.364
4.249
3.855
3.461
3.461
3.603
3.772
3.942
5.885
6.082
5.661
4.758
4.506
4.249
4.111
4.194
18.495
48.986
17.936
12.472
9.965
8.672
6.954
7.009
6.729
6.417
6.220
6.646
6.559
8.026
10.698
8.503
7.123
6.335
5.771
5.519
5.266
4.900
4.675
4.446
4.446
4.336
4.927
4.222
3.969
3.658
2.901
3.295
3.406
3.323
3.236
3.236
3.433
6.812
10.446
8.136
6.504
5.377
4.813
4.419
4.167
4.025
3.828
3.745
3.575
3.493
3.548
3.575
478.613
80.521
36.880
24.353
18.665
15.401
13.710
12.330
11.207
23.789
49.270
26.493
18.527
15.373
13.710
12.866
12.023
11.065
11.148
11.010
10.643
10.556
12.527
44.764
17.258
13.261
11.601
10.556
9.713
9.236
9.094
8.530
8.081
7.829
7.403
7.151
6.954
7.095
6.587
6.587
6.362
6.138
5.913
5.799
5.716
5.716
5.404
5.294
5.180
5.069
4.927
4.813
4.813
4.758
4.703
4.675
4.419
4.419
4.194
4.249
4.167
4.111
4.111
4.084
3.997
3.887
3.942
4.506
7.659
14.471
10.107
8.136
6.871
6.279
5.885
5.432
5.180
5.097
4.900
4.758
5.349
6.023
6.220
5.601
5.180
4.813
4.588
4.446
4.364
4.308
4.308
4.281
4.308
4.194
4.139
4.084
4.052
4.052
3.942
3.969
3.969
4.249
5.207
4.758
4.308
3.745
3.690
3.745
3.772
3.942
3.887
3.969
4.052
4.222
4.364
4.308
4.025
3.942
3.855
3.745
3.745
3.745
3.690
3.717
3.690
3.745
3.745
3.690
3.575
3.603
3.630
3.575
3.520
3.493
3.690
3.887
3.800
3.800
3.772
3.575
3.658
3.658
3.575
3.493
3.493
3.575
3.658
3.690
3.690
3.658
3.575
3.717
3.800
3.800
3.745
3.745
3.745
3.690
3.690
3.690
3.717
3.772
3.772
3.772
3.690
3.690
3.690
3.690
3.717
3.690
3.630
3.630
3.658
3.690
3.690
3.717
3.745
3.745
3.745
3.745
3.690
3.658
3.658
3.630
3.630
3.658
3.800
3.855
3.772
3.745
3.745
3.855
4.167
3.997
3.914
3.942
3.942
4.111
4.139
4.281
6.784
17.624
14.360
10.643
8.447
7.320
6.674
6.165
5.885
5.519
5.294
5.294
5.069
4.927
4.872
4.872
4.872
4.872
4.841
4.785
5.377
7.659
9.094
8.755
8.108
7.545
6.954
6.615
6.390
6.279
6.252
6.055
5.885
5.885
5.826
5.826
5.826
5.743
5.322
5.097
5.124
5.124
5.097
5.097
5.069
5.097
5.124
5.010
4.927
4.872
4.841
5.069
4.955
5.152
5.038
4.813
4.872
4.872
4.900
5.799
7.434
8.530
7.095
6.279
5.771
5.519
5.322
5.038
5.038
4.785
4.703
4.588
4.675
4.391
4.391
4.446
4.813
5.349
5.491
5.207
4.955
4.983
6.417
6.477
5.404
4.900
4.616
4.419
4.391
4.281
4.249
4.308
4.506
4.703
5.235
5.152
4.813
4.506
4.194
4.052
3.997
3.914
3.969
3.800
3.772
3.772
3.800
3.745
3.745
9.066
19.118
7.009
5.799
4.813
4.391
4.222
3.887
4.111
3.914
3.603
3.406
3.351
3.236
3.126
3.012
2.929
2.874
2.787
2.842
3.181
2.815
2.562
2.365
1.888
1.494
1.352
1.297
1.916
7.714
4.785
3.575
3.209
2.929
2.677
2.507
2.338
2.196
2.085
2.085
2.168
2.338
2.251
2.223
2.168
2.026
1.943
1.888
1.857
1.719
1.691
1.660
1.549
1.494
1.324
1.297
1.352
1.407
1.380
1.324
1.238
1.210
1.210
1.155
1.127
1.068
1.013
1.013
1.155
1.407
1.297
1.435
1.462
1.407
1.380
1.435
1.352
1.324
1.210
1.155
1.127
1.155
1.100
1.127
1.155
1.183
1.183
1.068
1.013
1.068
1.127
1.127
1.155
1.155
1.183
1.100
1.100
1.127
1.100
1.041
1.013
0.985
0.930
0.930
0.958
0.985
0.985
0.903
0.903
0.871
0.844
0.788
0.761
0.788
0.816
0.788
0.733
2.393
2.026
1.971
2.704
1.888
1.660
1.494
1.435
1.407
1.352
1.324
1.238
1.210
1.183
1.183
1.155
1.100
1.068
1.068
1.041
1.013
1.041
1.041
1.041
1.041
1.068
1.577
2.251
1.971
2.113
1.943
1.888
1.719
1.577
1.462
1.407
1.352
1.265
1.210
1.297
1.297
1.297
1.324
1.380
1.407
1.435
1.494
1.801
2.196
5.546
5.294
4.703
3.997
3.520
3.209
2.956
2.842
2.787
2.732
2.590
2.507
2.479
2.365
2.420
2.535
2.562
2.562
2.507
2.479
2.393
2.448
2.448
2.677
2.732
2.535
2.590
2.507
2.507
2.448
2.365
3.067
3.295
3.690
3.630
3.658
3.603
3.323
3.295
3.039
2.842
2.732
2.704
2.562
2.507
2.507
2.562
2.535
2.507
2.507
2.507
2.479
2.448
2.365
2.282
2.338
2.365
2.196
2.448
2.365
2.365
2.393
2.365
2.365
2.365
2.479
2.507
2.507
2.590
2.617
2.507
2.507
2.562
2.562
2.479
2.338
2.310
2.338
2.365
2.420
2.420
2.420
2.420
2.393
2.338
2.338
2.365
2.338
2.251
2.223
2.223
2.223
2.196
2.196
2.535
2.874
2.929
2.901
2.901
2.901
2.901
2.901
2.874
2.787
2.677
2.590
2.562
2.562
2.448
2.338
2.251
2.282
2.310
2.282
2.645
2.704
3.209
3.406
3.378
3.264
3.264
3.942
4.478
5.038
4.927
4.644
4.478
4.391
4.308
4.249
4.139
4.111
4.139
4.167
4.222
18.160
16.414
7.403
5.661
4.955
4.588
4.308
4.194
4.139
4.052
3.942
3.745
3.603
3.575
3.658
3.264
3.351
3.351
3.351
4.446
7.939
6.165
5.463
5.097
4.644
4.644
4.506
4.419
4.194
4.084
4.025
4.025
3.997
4.025
3.942
3.887
3.887
4.167
4.222
4.167
4.052
3.855
3.745
44.484
37.444
15.850
11.826
9.965
8.617
44.201
242.403
306.877
61.655
39.699
31.251
26.549
23.817
21.144
18.949
17.991
16.919
15.373
14.471
13.852
13.205
23.312
14.892
13.233
12.500
11.656
11.010
11.739
10.671
9.910
9.319
8.700
8.530
8.645
8.164
7.856
7.517
7.095
7.348
7.320
6.307
5.885
5.519
5.207
5.038
4.927
4.813
4.703
4.506
4.281
4.194
4.139
3.997
3.800
3.575
3.406
3.351
3.209
3.012
2.984
2.874
2.704
2.562
2.448
2.479
2.645
2.479
2.420
2.365
2.310
2.223
2.310
2.196
2.140
2.140
2.168
2.338
2.842
2.393
2.338
9.516
12.050
36.037
34.346
20.892
14.191
10.813
13.966
52.084
16.359
11.964
10.418
9.149
8.333
7.714
8.952
12.078
13.966
13.935
77.703
32.939
18.862
14.498
12.330
11.207
10.135
9.571
8.980
8.388
7.994
7.545
7.265
6.898
6.587
6.390
6.193
5.913
5.743
5.661
5.432
5.858
5.491
5.010
4.900
4.703
4.506
4.391
4.249
4.167
4.167
4.308
4.308
4.194
4.111
3.997
4.139
12.220
8.980
8.952
7.009
5.968
5.404
5.180
5.629
6.307
5.996
5.491
5.322
5.235
4.927
5.152
5.322
5.152
4.813
4.675
4.478
4.364
4.249
4.167
4.052
4.052
3.969
4.025
3.942
3.887
5.432
9.177
6.926
5.546
5.010
4.703
4.506
4.391
4.249
4.588
4.785
4.533
4.675
5.661
6.756
5.968
5.349
4.955
4.730
4.561
4.478
4.364
4.308
4.281
4.249
4.249
4.419
4.616
5.716
5.152
5.688
7.348
6.674
6.082
5.661
5.404
5.235
5.207
5.180
5.152
5.069
5.069
5.069
4.983
4.900
5.010
5.207
5.404
5.294
5.266
5.069
4.872
4.730
4.616
4.703
4.616
4.446
4.478
4.419
4.364
4.336
4.364
4.281
4.308
4.336
4.364
4.308
4.308
4.419
4.446
4.364
4.249
4.222
4.111
3.997
4.025
3.942
3.942
3.942
3.969
4.052
4.111
4.111
4.139