1	1	1991	1	2.03	0.36
2	1	1991	1	5.50	0.25
3	1	1991	1	3.98	7.35
4	1	1991	1	4.67	0.47
5	1	1991	1	5.78	0.15
6	1	1991	1	7.99	0.07
7	1	1991	1	8.46	9.22
8	1	1991	1	3.75	3.19
9	1	1991	1	5.33	0.09
10	1	1991	1	5.32	10.92
11	1	1991	1	4.65	30.91
12	1	1991	1	5.27	1.39
13	1	1991	1	0.06	0.01
14	1	1991	1	1.89	0.03
15	1	1991	1	1.33	26.69
16	1	1991	1	6.79	1.87
17	1	1991	1	5.23	0.02
18	1	1991	1	3.33	0.14
19	1	1991	1	2.54	4.93
20	1	1991	1	4.91	1.03
21	1	1991	1	-0.84	0.25
22	1	1991	1	-5.30	0.03
23	1	1991	1	-2.43	0
24	1	1991	1	-1.79	1.58
25	1	1991	1	-1.30	0
26	1	1991	1	-0.46	0
27	1	1991	1	1.76	0.08
28	1	1991	1	7.10	0.03
29	1	1991	1	6.69	0.56
30	1	1991	1	8.08	11.71
31	1	1991	1	3.69	0.2
1	2	1991	2	0.95	0.25
2	2	1991	2	3.66	0
3	2	1991	2	6.09	0
4	2	1991	2	7.66	0
5	2	1991	2	8.59	0.9
6	2	1991	2	9.95	4.56
7	2	1991	2	9.78	0.27
8	2	1991	2	5.39	0
9	2	1991	2	6.29	0
10	2	1991	2	6.48	0
11	2	1991	2	4.04	0
12	2	1991	2	5.36	0.05
13	2	1991	2	5.03	18.62
14	2	1991	2	5.47	7.24
15	2	1991	2	-5.31	1.69
16	2	1991	2	-7.94	0.13
17	2	1991	2	-3.18	10.47
18	2	1991	2	4.88	9.18
19	2	1991	2	9.78	9
20	2	1991	2	12.02	6.52
21	2	1991	2	10.36	0.05
22	2	1991	2	9.41	1.11
23	2	1991	2	6.74	4.4
24	2	1991	2	6.70	0.02
25	2	1991	2	7.26	0.99
26	2	1991	2	2.02	0.03
27	2	1991	2	1.73	0
28	2	1991	2	4.37	0.06
1	3	1991	3	5.56	29.83
2	3	1991	3	11.42	1.53
3	3	1991	3	10.05	17.77
4	3	1991	3	2.96	0.5
5	3	1991	3	6.05	0.02
6	3	1991	3	8.34	4.34
7	3	1991	3	8.95	0.03
8	3	1991	3	4.06	13.66
9	3	1991	3	2.34	0.32
10	3	1991	3	0.96	0.02
11	3	1991	3	3.87	0
12	3	1991	3	5.14	0.54
13	3	1991	3	7.28	11.92
14	3	1991	3	6.14	0.44
15	3	1991	3	6.11	0.05
16	3	1991	3	7.45	0
17	3	1991	3	6.76	9.92
18	3	1991	3	9.84	6.85
19	3	1991	3	7.59	0
20	3	1991	3	9.92	0
21	3	1991	3	13.28	0.02
22	3	1991	3	16.26	0.64
23	3	1991	3	17.21	4.42
24	3	1991	3	15.53	0
25	3	1991	3	13.17	0
26	3	1991	3	13.11	0.04
27	3	1991	3	14.52	0.64
28	3	1991	3	15.79	19.37
29	3	1991	3	11.90	100.15
30	3	1991	3	5.55	0.06
31	3	1991	3	5.31	0.03
1	4	1991	4	8.35	0
2	4	1991	4	10.03	0
3	4	1991	4	10.90	0
4	4	1991	4	10.08	2.11
5	4	1991	4	13.09	19.47
6	4	1991	4	14.58	0
7	4	1991	4	15.29	0.06
8	4	1991	4	17.16	6.59
9	4	1991	4	18.47	5.3
10	4	1991	4	15.15	1.15
11	4	1991	4	12.07	0
12	4	1991	4	12.04	1.98
13	4	1991	4	11.06	15.86
14	4	1991	4	14.85	3.22
15	4	1991	4	17.10	11.67
16	4	1991	4	15.79	0.09
17	4	1991	4	16.89	1.84
18	4	1991	4	16.63	3.27
19	4	1991	4	14.44	37.35
20	4	1991	4	13.68	15.06
21	4	1991	4	8.26	0.08
22	4	1991	4	8.72	0.02
23	4	1991	4	10.18	0
24	4	1991	4	12.53	0
25	4	1991	4	10.91	0
26	4	1991	4	13.43	1.4
27	4	1991	4	15.62	19.91
28	4	1991	4	18.88	4.05
29	4	1991	4	18.93	12.21
30	4	1991	4	17.13	1.51
1	5	1991	5	17.83	0.01
2	5	1991	5	15.52	0
3	5	1991	5	15.10	0
4	5	1991	5	17.06	1.94
5	5	1991	5	17.20	16.35
6	5	1991	5	17.72	0.49
7	5	1991	5	13.96	0.05
8	5	1991	5	13.65	0.09
9	5	1991	5	14.70	7.99
10	5	1991	5	17.89	1.98
11	5	1991	5	19.09	0.13
12	5	1991	5	18.66	9.01
13	5	1991	5	19.40	5.4
14	5	1991	5	20.46	2.8
15	5	1991	5	20.46	4.48
16	5	1991	5	20.36	7.61
17	5	1991	5	21.24	2.99
18	5	1991	5	21.13	17.91
19	5	1991	5	17.13	6
20	5	1991	5	12.86	4.2
21	5	1991	5	15.13	1.38
22	5	1991	5	17.34	0.13
23	5	1991	5	19.24	0.09
24	5	1991	5	20.38	0.06
25	5	1991	5	20.10	0.11
26	5	1991	5	21.06	0.43
27	5	1991	5	21.92	9.33
28	5	1991	5	22.45	8.68
29	5	1991	5	23.25	5.37
30	5	1991	5	22.81	1.87
31	5	1991	5	23.58	0.52
1	6	1991	6	22.69	1.94
2	6	1991	6	22.00	7.56
3	6	1991	6	21.68	3.32
4	6	1991	6	21.59	0.15
5	6	1991	6	18.41	0
6	6	1991	6	16.23	0
7	6	1991	6	14.50	0
8	6	1991	6	15.43	0
9	6	1991	6	16.99	0
10	6	1991	6	18.11	0
11	6	1991	6	18.64	0
12	6	1991	6	19.18	5.2
13	6	1991	6	21.46	2.22
14	6	1991	6	21.63	6.67
15	6	1991	6	21.87	3.17
16	6	1991	6	22.52	8.17
17	6	1991	6	22.07	16.61
18	6	1991	6	21.41	6.79
19	6	1991	6	21.38	22.52
20	6	1991	6	21.48	6.75
21	6	1991	6	22.69	9.48
22	6	1991	6	21.31	4.4
23	6	1991	6	20.88	3.3
24	6	1991	6	18.35	0.13
25	6	1991	6	17.31	2.25
26	6	1991	6	15.89	10.66
27	6	1991	6	18.39	1.1
28	6	1991	6	21.44	0.3
29	6	1991	6	22.74	0.71
30	6	1991	6	23.20	2.24
1	7	1991	7	23.91	4.17
2	7	1991	7	24.42	9.69
3	7	1991	7	23.41	0.32
4	7	1991	7	23.18	2.08
5	7	1991	7	22.29	2.52
6	7	1991	7	21.81	0.36
7	7	1991	7	22.84	0.93
8	7	1991	7	22.89	2.27
9	7	1991	7	23.09	0.07
10	7	1991	7	22.80	7.81
11	7	1991	7	22.89	0.19
12	7	1991	7	23.90	1.32
13	7	1991	7	23.63	0.18
14	7	1991	7	22.84	0.12
15	7	1991	7	21.84	1.47
16	7	1991	7	21.30	3.48
17	7	1991	7	20.54	14.88
18	7	1991	7	21.20	3.49
19	7	1991	7	22.91	2.07
20	7	1991	7	23.26	5.7
21	7	1991	7	23.93	5.32
22	7	1991	7	24.32	0.24
23	7	1991	7	24.58	0.22
24	7	1991	7	24.58	19.75
25	7	1991	7	22.56	7.88
26	7	1991	7	22.19	5.5
27	7	1991	7	22.65	34.79
28	7	1991	7	21.03	18.79
29	7	1991	7	21.72	24.83
30	7	1991	7	22.19	4.94
31	7	1991	7	22.19	1.03
1	8	1991	8	21.58	6.08
2	8	1991	8	21.88	3.54
3	8	1991	8	23.32	0
4	8	1991	8	23.13	1.34
5	8	1991	8	23.35	7.85
6	8	1991	8	23.87	1.51
7	8	1991	8	23.62	3.7
8	8	1991	8	23.53	6.26
9	8	1991	8	22.63	8.4
10	8	1991	8	21.74	7.56
11	8	1991	8	20.65	2.75
12	8	1991	8	18.74	22.96
13	8	1991	8	19.23	6.82
14	8	1991	8	17.99	13.01
15	8	1991	8	18.81	0.38
16	8	1991	8	19.37	0.03
17	8	1991	8	20.01	0.04
18	8	1991	8	20.58	6.46
19	8	1991	8	21.50	1.97
20	8	1991	8	18.91	1.09
21	8	1991	8	17.87	0
22	8	1991	8	18.78	0
23	8	1991	8	18.89	0
24	8	1991	8	19.94	2.04
25	8	1991	8	19.81	25.8
26	8	1991	8	18.51	17.82
27	8	1991	8	21.54	1.39
28	8	1991	8	22.35	9.24
29	8	1991	8	22.63	6.51
30	8	1991	8	22.57	3.11
31	8	1991	8	22.51	7.38
1	9	1991	9	22.19	4.07
2	9	1991	9	18.87	1.12
3	9	1991	9	17.23	0.12
4	9	1991	9	19.51	2.47
5	9	1991	9	20.54	4.69
6	9	1991	9	20.52	1.58
7	9	1991	9	20.87	3.71
8	9	1991	9	20.54	1.68
9	9	1991	9	19.90	0.01
10	9	1991	9	18.83	0.05
11	9	1991	9	20.90	0.03
12	9	1991	9	21.79	0
13	9	1991	9	21.51	1.41
14	9	1991	9	23.34	0.76
15	9	1991	9	23.84	8.43
16	9	1991	9	23.47	3.93
17	9	1991	9	23.31	1.06
18	9	1991	9	22.69	6.37
19	9	1991	9	20.11	4.89
20	9	1991	9	14.50	0.07
21	9	1991	9	12.28	0
22	9	1991	9	12.64	0
23	9	1991	9	14.93	0.04
24	9	1991	9	15.51	8.56
25	9	1991	9	15.98	9.53
26	9	1991	9	13.49	0.01
27	9	1991	9	11.80	0
28	9	1991	9	12.35	0
29	9	1991	9	14.13	0
30	9	1991	9	15.62	0.02
1	10	1991	10	15.36	0.07
2	10	1991	10	15.54	0.1
3	10	1991	10	17.10	0
4	10	1991	10	17.60	0
5	10	1991	10	18.23	5.47
6	10	1991	10	11.41	0
7	10	1991	10	7.21	0.02
8	10	1991	10	7.71	0
9	10	1991	10	9.68	0
10	10	1991	10	11.26	0
11	10	1991	10	12.28	0
12	10	1991	10	11.89	0
13	10	1991	10	10.15	0
14	10	1991	10	9.50	0
15	10	1991	10	10.37	4.95
16	10	1991	10	8.70	0
17	10	1991	10	8.96	0.01
18	10	1991	10	12.47	0
19	10	1991	10	13.26	0
20	10	1991	10	11.70	0
21	10	1991	10	10.90	0
22	10	1991	10	13.77	0
23	10	1991	10	14.46	0
24	10	1991	10	16.27	1.37
25	10	1991	10	17.22	0
26	10	1991	10	16.49	0
27	10	1991	10	17.12	0
28	10	1991	10	17.61	0
29	10	1991	10	14.42	0
30	10	1991	10	12.22	0.02
31	10	1991	10	14.92	0
1	11	1991	11	11.01	4.83
2	11	1991	11	8.19	0.31
3	11	1991	11	4.62	0
4	11	1991	11	0.14	0
5	11	1991	11	-0.08	0
6	11	1991	11	2.44	0
7	11	1991	11	4.83	0.01
8	11	1991	11	3.77	0.93
9	11	1991	11	0.82	3.06
10	11	1991	11	1.32	7.38
11	11	1991	11	3.45	0.01
12	11	1991	11	3.25	0.04
13	11	1991	11	6.20	0.03
14	11	1991	11	8.06	0
15	11	1991	11	10.11	0.01
16	11	1991	11	11.46	0.11
17	11	1991	11	9.74	0
18	11	1991	11	8.82	0.82
19	11	1991	11	11.69	5.13
20	11	1991	11	14.61	2.27
21	11	1991	11	15.81	47.24
22	11	1991	11	13.68	25.23
23	11	1991	11	10.37	0.32
24	11	1991	11	3.99	0
25	11	1991	11	-0.54	0
26	11	1991	11	-0.16	0
27	11	1991	11	0.86	0.02
28	11	1991	11	5.58	0.12
29	11	1991	11	8.41	0.09
30	11	1991	11	12.22	13.98
1	12	1991	12	15.71	50.48
2	12	1991	12	16.96	8.77
3	12	1991	12	13.28	32.28
4	12	1991	12	0.04	0.97
5	12	1991	12	-1.73	0
6	12	1991	12	2.37	0
7	12	1991	12	5.18	0.19
8	12	1991	12	7.70	0.11
9	12	1991	12	9.58	8.16
10	12	1991	12	7.61	0.02
11	12	1991	12	5.70	0
12	12	1991	12	6.04	0.06
13	12	1991	12	11.03	0.62
14	12	1991	12	10.89	5.36
15	12	1991	12	1.53	0.13
16	12	1991	12	-0.08	0
17	12	1991	12	2.33	0
18	12	1991	12	0.99	0
19	12	1991	12	-2.23	0
20	12	1991	12	0.16	0.02
21	12	1991	12	3.61	0.38
22	12	1991	12	8.70	0.01
23	12	1991	12	9.33	7.03
24	12	1991	12	5.74	0.08
25	12	1991	12	1.79	0
26	12	1991	12	2.03	0
27	12	1991	12	5.82	0.43
28	12	1991	12	4.68	23.34
29	12	1991	12	5.77	0.06
30	12	1991	12	3.50	0
31	12	1991	12	1.34	0
1	1	1992	1	1.60	0.01
2	1	1992	1	6.02	2.81
3	1	1992	1	6.65	31.05
4	1	1992	1	7.61	0.6
5	1	1992	1	7.11	0.02
6	1	1992	1	5.50	0
7	1	1992	1	4.77	0.09
8	1	1992	1	3.97	0.58
9	1	1992	1	6.26	0.95
10	1	1992	1	3.59	0.02
11	1	1992	1	2.49	0.01
12	1	1992	1	3.71	0.89
13	1	1992	1	7.05	13.15
14	1	1992	1	5.72	1.44
15	1	1992	1	-1.24	1.58
16	1	1992	1	-6.31	0
17	1	1992	1	-2.06	0
18	1	1992	1	-0.77	0
19	1	1992	1	-1.79	0.02
20	1	1992	1	0.22	0
21	1	1992	1	4.90	0
22	1	1992	1	5.77	0.08
23	1	1992	1	6.78	43.03
24	1	1992	1	1.05	0.12
25	1	1992	1	0.79	0.01
26	1	1992	1	3.70	0
27	1	1992	1	3.77	0.94
28	1	1992	1	6.67	0.73
29	1	1992	1	7.31	0.14
30	1	1992	1	6.89	0
31	1	1992	1	5.40	0.01
1	2	1992	2	3.01	0.01
2	2	1992	2	3.73	0
3	2	1992	2	6.69	0
4	2	1992	2	7.24	0
5	2	1992	2	6.21	0
6	2	1992	2	5.58	0
7	2	1992	2	4.37	0
8	2	1992	2	0.56	0
9	2	1992	2	-1.64	0
10	2	1992	2	-0.77	0
11	2	1992	2	4.34	0
12	2	1992	2	4.53	0.07
13	2	1992	2	4.02	1.38
14	2	1992	2	7.83	0.34
15	2	1992	2	8.87	20.38
16	2	1992	2	8.29	0.63
17	2	1992	2	3.40	7.02
18	2	1992	2	5.34	1.1
19	2	1992	2	9.10	1.58
20	2	1992	2	6.24	0
21	2	1992	2	6.27	0.04
22	2	1992	2	7.56	0.02
23	2	1992	2	8.96	25.74
24	2	1992	2	12.67	0.21
25	2	1992	2	10.19	54.38
26	2	1992	2	8.16	11.33
27	2	1992	2	4.29	0.13
28	2	1992	2	7.14	0.03
29	2	1992	2	7.11	0.85
1	3	1992	3	6.16	0
2	3	1992	3	10.42	0
3	3	1992	3	11.68	0.01
4	3	1992	3	13.42	0.01
5	3	1992	3	12.62	3.64
6	3	1992	3	12.12	44.58
7	3	1992	3	14.34	0.07
8	3	1992	3	13.48	0
9	3	1992	3	11.64	0
10	3	1992	3	10.47	22.77
11	3	1992	3	0.08	0.6
12	3	1992	3	0.19	0.48
13	3	1992	3	0.20	0.36
14	3	1992	3	0.92	0.22
15	3	1992	3	2.72	0.01
16	3	1992	3	1.94	0
17	3	1992	3	7.57	0.07
18	3	1992	3	9.28	15.25
19	3	1992	3	11.36	9.72
20	3	1992	3	5.12	4.78
21	3	1992	3	4.63	0.02
22	3	1992	3	3.93	8.75
23	3	1992	3	3.56	0.51
24	3	1992	3	2.64	0.06
25	3	1992	3	2.38	10.22
26	3	1992	3	6.21	1.49
27	3	1992	3	5.36	1.38
28	3	1992	3	5.48	0.01
29	3	1992	3	6.78	0.02
30	3	1992	3	9.05	2.51
31	3	1992	3	8.69	0.35
1	4	1992	4	6.31	0.22
2	4	1992	4	1.94	0.02
3	4	1992	4	1.47	0.08
4	4	1992	4	5.05	0.23
5	4	1992	4	5.82	0
6	4	1992	4	6.37	0
7	4	1992	4	8.38	0.75
8	4	1992	4	12.17	0
9	4	1992	4	13.48	0.05
10	4	1992	4	15.21	0.57
11	4	1992	4	14.94	22.51
12	4	1992	4	16.21	2.4
13	4	1992	4	13.46	0.08
14	4	1992	4	13.28	0.01
15	4	1992	4	15.86	5.48
16	4	1992	4	18.08	1.01
17	4	1992	4	17.08	1.15
18	4	1992	4	17.51	0
19	4	1992	4	16.61	4.21
20	4	1992	4	16.53	50.73
21	4	1992	4	16.58	25.13
22	4	1992	4	14.49	0.19
23	4	1992	4	14.39	0
24	4	1992	4	16.17	1.94
25	4	1992	4	13.63	0.17
26	4	1992	4	7.55	0.77
27	4	1992	4	6.48	0.27
28	4	1992	4	6.56	0.28
29	4	1992	4	7.93	0.04
30	4	1992	4	11.97	0.28
1	5	1992	5	14.75	0
2	5	1992	5	16.97	0
3	5	1992	5	18.25	0.15
4	5	1992	5	14.72	0.32
5	5	1992	5	10.59	0.94
6	5	1992	5	6.04	17.6
7	5	1992	5	3.56	56.94
8	5	1992	5	4.56	29.67
9	5	1992	5	8.36	0.55
10	5	1992	5	13.87	0
11	5	1992	5	15.60	0.03
12	5	1992	5	16.85	0.71
13	5	1992	5	16.51	10.47
14	5	1992	5	17.20	0.82
15	5	1992	5	17.99	1.02
16	5	1992	5	18.38	0.04
17	5	1992	5	18.25	0.07
18	5	1992	5	19.03	4.84
19	5	1992	5	18.77	19.59
20	5	1992	5	15.74	0.63
21	5	1992	5	16.16	0.18
22	5	1992	5	15.08	0
23	5	1992	5	16.47	0
24	5	1992	5	16.79	1.38
25	5	1992	5	17.14	1.69
26	5	1992	5	15.53	2.26
27	5	1992	5	12.65	0.13
28	5	1992	5	11.77	12.56
29	5	1992	5	10.57	15.43
30	5	1992	5	13.83	1.99
31	5	1992	5	14.49	0
1	6	1992	6	13.41	0
2	6	1992	6	14.52	0.04
3	6	1992	6	14.64	23.16
4	6	1992	6	16.65	34.93
5	6	1992	6	17.37	2.86
6	6	1992	6	18.99	0.08
7	6	1992	6	20.21	0.29
8	6	1992	6	21.03	5.82
9	6	1992	6	20.23	30.92
10	6	1992	6	19.93	21.48
11	6	1992	6	17.99	9.97
12	6	1992	6	14.38	4.26
13	6	1992	6	15.16	5.2
14	6	1992	6	18.43	9.39
15	6	1992	6	20.24	2.03
16	6	1992	6	19.79	1.44
17	6	1992	6	19.36	1.8
18	6	1992	6	19.18	0.42
19	6	1992	6	20.56	0.11
20	6	1992	6	19.99	0.04
21	6	1992	6	18.20	0.44
22	6	1992	6	14.92	0.16
23	6	1992	6	16.61	0
24	6	1992	6	19.82	0.04
25	6	1992	6	20.81	0.91
26	6	1992	6	21.66	10.44
27	6	1992	6	21.21	1.54
28	6	1992	6	20.03	0.2
29	6	1992	6	21.28	2.34
30	6	1992	6	21.51	2.08
1	7	1992	7	21.23	3.36
2	7	1992	7	21.63	1.37
3	7	1992	7	21.99	0.79
4	7	1992	7	21.69	0.16
5	7	1992	7	20.07	1.37
6	7	1992	7	20.94	0.74
7	7	1992	7	21.40	0.02
8	7	1992	7	23.11	0
9	7	1992	7	23.34	0
10	7	1992	7	23.94	0
11	7	1992	7	24.16	0.9
12	7	1992	7	24.04	0.05
13	7	1992	7	24.17	0
14	7	1992	7	23.89	5.33
15	7	1992	7	22.56	2.51
16	7	1992	7	22.50	0.3
17	7	1992	7	22.27	2.12
18	7	1992	7	21.47	0.86
19	7	1992	7	21.19	0.1
20	7	1992	7	21.45	3.87
21	7	1992	7	22.48	1.99
22	7	1992	7	22.25	7.95
23	7	1992	7	21.99	9.91
24	7	1992	7	22.32	8.02
25	7	1992	7	23.54	0.83
26	7	1992	7	23.30	1.31
27	7	1992	7	23.40	2.09
28	7	1992	7	22.14	0.06
29	7	1992	7	21.02	0
30	7	1992	7	21.60	0.45
31	7	1992	7	22.29	2.1
1	8	1992	8	20.51	0.03
2	8	1992	8	20.49	0.02
3	8	1992	8	20.83	3.13
4	8	1992	8	20.74	2
5	8	1992	8	19.96	0.3
6	8	1992	8	18.80	6.68
7	8	1992	8	18.91	1
8	8	1992	8	21.39	12.84
9	8	1992	8	22.22	1.43
10	8	1992	8	22.80	3.66
11	8	1992	8	23.24	4.65
12	8	1992	8	21.78	4.66
13	8	1992	8	18.46	39.7
14	8	1992	8	19.05	1.58
15	8	1992	8	19.03	14.53
16	8	1992	8	18.81	6.49
17	8	1992	8	19.10	19.56
18	8	1992	8	19.70	0.36
19	8	1992	8	19.59	0.21
20	8	1992	8	19.26	14.83
21	8	1992	8	18.73	3.83
22	8	1992	8	17.74	34.61
23	8	1992	8	17.79	18.56
24	8	1992	8	20.40	0.59
25	8	1992	8	21.01	0.22
26	8	1992	8	21.95	7.84
27	8	1992	8	21.36	19.12
28	8	1992	8	20.24	20.5
29	8	1992	8	16.67	0.07
30	8	1992	8	17.31	0.03
31	8	1992	8	18.31	0.05
1	9	1992	9	19.65	0.01
2	9	1992	9	19.77	5.17
3	9	1992	9	20.94	14.02
4	9	1992	9	20.04	4.44
5	9	1992	9	19.99	14.44
6	9	1992	9	20.63	1.41
7	9	1992	9	20.85	2.58
8	9	1992	9	21.48	1.18
9	9	1992	9	20.98	0.52
10	9	1992	9	21.29	9.1
11	9	1992	9	19.84	1.08
12	9	1992	9	17.88	0.01
13	9	1992	9	18.12	0.01
14	9	1992	9	17.98	0.01
15	9	1992	9	17.92	0
16	9	1992	9	17.19	0
17	9	1992	9	18.17	0
18	9	1992	9	19.24	1.67
19	9	1992	9	20.21	7.52
20	9	1992	9	19.35	1.35
21	9	1992	9	19.93	0.89
22	9	1992	9	21.44	12.43
23	9	1992	9	18.56	0.74
24	9	1992	9	12.67	1.04
25	9	1992	9	13.86	0.56
26	9	1992	9	15.54	2.52
27	9	1992	9	16.69	17.49
28	9	1992	9	18.15	15.37
29	9	1992	9	14.49	0.01
30	9	1992	9	11.36	0
1	10	1992	10	10.38	0
2	10	1992	10	11.10	0
3	10	1992	10	11.98	1.46
4	10	1992	10	12.05	64.37
5	10	1992	10	12.66	12.32
6	10	1992	10	9.76	0.09
7	10	1992	10	9.55	0.06
8	10	1992	10	11.03	20.84
9	10	1992	10	15.67	2.78
10	10	1992	10	12.09	0.85
11	10	1992	10	11.11	0.71
12	10	1992	10	9.37	0
13	10	1992	10	11.91	0
14	10	1992	10	14.32	0
15	10	1992	10	14.66	0.01
16	10	1992	10	14.44	0
17	10	1992	10	11.67	0
18	10	1992	10	7.23	0.6
19	10	1992	10	5.07	0.04
20	10	1992	10	4.34	0.01
21	10	1992	10	10.30	0
22	10	1992	10	12.75	0
23	10	1992	10	11.71	0
24	10	1992	10	12.98	0
25	10	1992	10	12.01	0
26	10	1992	10	10.53	0
27	10	1992	10	10.88	0.56
28	10	1992	10	12.40	8.2
29	10	1992	10	13.37	0.11
30	10	1992	10	12.24	28.44
31	10	1992	10	13.93	0.06
1	11	1992	11	12.53	0.25
2	11	1992	11	13.91	42.58
3	11	1992	11	11.19	0.35
4	11	1992	11	11.35	36.11
5	11	1992	11	11.95	2.69
6	11	1992	11	3.51	0.01
7	11	1992	11	2.64	0
8	11	1992	11	2.76	0
9	11	1992	11	3.57	0
10	11	1992	11	4.87	0.04
11	11	1992	11	8.62	0.54
12	11	1992	11	11.65	34.84
13	11	1992	11	6.29	0
14	11	1992	11	2.91	0
15	11	1992	11	1.91	0
16	11	1992	11	1.27	0
17	11	1992	11	5.76	0
18	11	1992	11	8.12	0
19	11	1992	11	8.98	0.02
20	11	1992	11	6.76	3.77
21	11	1992	11	8.98	28.7
22	11	1992	11	13.45	35.79
23	11	1992	11	10.67	0
24	11	1992	11	8.62	18.54
25	11	1992	11	9.96	31.98
26	11	1992	11	11.81	3.2
27	11	1992	11	6.58	0.01
28	11	1992	11	3.48	0.06
29	11	1992	11	2.61	0.06
30	11	1992	11	1.98	0.01
1	12	1992	12	1.93	0.21
2	12	1992	12	0.80	0.16
3	12	1992	12	1.79	0.01
4	12	1992	12	3.94	1.16
5	12	1992	12	0.71	0.14
6	12	1992	12	-3.53	0.24
7	12	1992	12	0.56	0.42
8	12	1992	12	-0.74	0.02
9	12	1992	12	-2.23	0.37
10	12	1992	12	-0.01	17.87
11	12	1992	12	0.64	0.94
12	12	1992	12	1.34	0
13	12	1992	12	2.70	0
14	12	1992	12	2.94	0.09
15	12	1992	12	2.99	0.1
16	12	1992	12	6.01	44.24
17	12	1992	12	9.37	22.17
18	12	1992	12	4.31	0.13
19	12	1992	12	4.71	0.69
20	12	1992	12	6.90	24.09
21	12	1992	12	4.72	2.8
22	12	1992	12	6.46	1.37
23	12	1992	12	9.76	5.61
24	12	1992	12	3.33	0.14
25	12	1992	12	0.18	0.12
26	12	1992	12	1.36	0.08
27	12	1992	12	-0.57	13.53
28	12	1992	12	4.09	9.75
29	12	1992	12	7.56	0.08
30	12	1992	12	9.59	0
31	12	1992	12	10.85	0.04
1	1	1993	1	9.56	0.05
2	1	1993	1	6.03	1.35
3	1	1993	1	5.97	0.05
4	1	1993	1	9.47	32.63
5	1	1993	1	11.03	2.47
6	1	1993	1	8.68	0.03
7	1	1993	1	7.91	4.27
8	1	1993	1	7.53	20.49
9	1	1993	1	5.65	0.11
10	1	1993	1	3.32	0.05
11	1	1993	1	4.15	26.81
12	1	1993	1	6.79	4.7
13	1	1993	1	9.26	0.03
14	1	1993	1	2.97	0
15	1	1993	1	2.48	1.42
16	1	1993	1	2.99	2.14
17	1	1993	1	3.71	0
18	1	1993	1	3.35	0.18
19	1	1993	1	2.48	1.06
20	1	1993	1	2.32	0.88
21	1	1993	1	3.17	31.46
22	1	1993	1	6.19	0.46
23	1	1993	1	5.97	0.05
24	1	1993	1	4.75	22.33
25	1	1993	1	0.76	0.1
26	1	1993	1	-0.03	0
27	1	1993	1	1.29	0
28	1	1993	1	4.44	0.02
29	1	1993	1	4.35	0
30	1	1993	1	2.26	0
31	1	1993	1	4.81	0
1	2	1993	2	4.79	0
2	2	1993	2	1.15	0.01
3	2	1993	2	2.43	0
4	2	1993	2	4.35	0
5	2	1993	2	3.94	0
6	2	1993	2	5.31	0
7	2	1993	2	4.63	1.19
8	2	1993	2	7.46	1.06
9	2	1993	2	5.01	0.01
10	2	1993	2	6.33	0.18
11	2	1993	2	7.04	24.67
12	2	1993	2	7.58	9.22
13	2	1993	2	4.20	0.53
14	2	1993	2	0.96	0.62
15	2	1993	2	-0.99	0.08
16	2	1993	2	4.19	17.53
17	2	1993	2	1.10	0.04
18	2	1993	2	-3.11	0.04
19	2	1993	2	-4.21	0.05
20	2	1993	2	-0.30	0.11
21	2	1993	2	5.56	15.22
22	2	1993	2	7.53	0
23	2	1993	2	1.15	0
24	2	1993	2	-2.22	0.09
25	2	1993	2	-2.81	6.66
26	2	1993	2	-0.47	7.03
27	2	1993	2	0.54	0
28	2	1993	2	0.08	0
1	3	1993	3	2.81	0
2	3	1993	3	3.75	1.92
3	3	1993	3	5.63	15.55
4	3	1993	3	6.88	16.04
5	3	1993	3	2.73	0.47
6	3	1993	3	2.86	0.03
7	3	1993	3	3.78	0.52
8	3	1993	3	6.23	0.36
9	3	1993	3	6.75	0.23
10	3	1993	3	9.54	0.04
11	3	1993	3	5.76	0.06
12	3	1993	3	1.14	11.34
13	3	1993	3	-2.91	50.47
14	3	1993	3	-7.21	0.84
15	3	1993	3	-5.96	0.04
16	3	1993	3	-2.09	1.21
17	3	1993	3	3.48	4.5
18	3	1993	3	2.57	0.02
19	3	1993	3	0.54	0
20	3	1993	3	2.60	0.39
21	3	1993	3	7.68	0.15
22	3	1993	3	9.01	5.63
23	3	1993	3	10.92	51.9
24	3	1993	3	12.86	1.42
25	3	1993	3	10.65	0.02
26	3	1993	3	9.77	25.83
27	3	1993	3	8.69	25.08
28	3	1993	3	9.69	1.87
29	3	1993	3	11.50	0.02
30	3	1993	3	12.75	0.06
31	3	1993	3	11.98	12.47
1	4	1993	4	10.07	0.26
2	4	1993	4	4.06	0.13
3	4	1993	4	5.30	0.03
4	4	1993	4	6.58	2.08
5	4	1993	4	5.53	34.42
6	4	1993	4	6.48	0.34
7	4	1993	4	9.90	0.04
8	4	1993	4	10.17	0.06
9	4	1993	4	9.69	43.02
10	4	1993	4	10.74	0.34
11	4	1993	4	12.78	0
12	4	1993	4	14.05	0
13	4	1993	4	14.21	0
14	4	1993	4	15.34	0
15	4	1993	4	14.96	10.42
16	4	1993	4	11.35	0.36
17	4	1993	4	8.30	0.03
18	4	1993	4	9.38	0
19	4	1993	4	10.13	0.01
20	4	1993	4	13.59	0.06
21	4	1993	4	11.77	2.4
22	4	1993	4	5.61	0.03
23	4	1993	4	7.84	0
24	4	1993	4	11.26	0.01
25	4	1993	4	14.59	0.04
26	4	1993	4	13.43	15.52
27	4	1993	4	10.48	0.03
28	4	1993	4	11.14	0
29	4	1993	4	12.64	0
30	4	1993	4	13.75	0
1	5	1993	5	15.45	0
2	5	1993	5	15.22	0.26
3	5	1993	5	14.87	1.16
4	5	1993	5	16.91	55.41
5	5	1993	5	17.96	0.15
6	5	1993	5	17.38	0
7	5	1993	5	17.99	1.04
8	5	1993	5	17.45	6.29
9	5	1993	5	18.02	1.61
10	5	1993	5	18.44	0.43
11	5	1993	5	18.38	0.84
12	5	1993	5	18.35	2.61
13	5	1993	5	16.38	5.66
14	5	1993	5	15.28	0.05
15	5	1993	5	15.92	0
16	5	1993	5	17.14	0
17	5	1993	5	18.28	8.92
18	5	1993	5	20.00	0.5
19	5	1993	5	16.63	9.05
20	5	1993	5	11.86	1.67
21	5	1993	5	8.29	1.3
22	5	1993	5	10.30	0.05
23	5	1993	5	12.59	0.03
24	5	1993	5	15.27	0.31
25	5	1993	5	15.91	5.78
26	5	1993	5	17.39	1.16
27	5	1993	5	16.57	0.12
28	5	1993	5	18.26	0.01
29	5	1993	5	19.80	2.27
30	5	1993	5	17.63	0.35
31	5	1993	5	18.00	7.6
1	6	1993	6	16.12	0.09
2	6	1993	6	15.15	0.02
3	6	1993	6	19.09	0
4	6	1993	6	20.85	0.02
5	6	1993	6	21.54	0.15
6	6	1993	6	18.06	0
7	6	1993	6	20.41	0.03
8	6	1993	6	22.96	0
9	6	1993	6	23.49	0
10	6	1993	6	22.78	0.17
11	6	1993	6	22.50	3.68
12	6	1993	6	22.02	15.96
13	6	1993	6	18.58	4.37
14	6	1993	6	18.70	2.93
15	6	1993	6	20.48	1.69
16	6	1993	6	20.52	0.05
17	6	1993	6	21.52	6.87
18	6	1993	6	21.93	5.16
19	6	1993	6	22.13	0.95
20	6	1993	6	20.69	0.02
21	6	1993	6	19.16	1.11
22	6	1993	6	20.85	0.02
23	6	1993	6	20.54	0
24	6	1993	6	20.85	0.92
25	6	1993	6	21.24	0.21
26	6	1993	6	21.06	1.07
27	6	1993	6	21.11	0
28	6	1993	6	21.88	4.14
29	6	1993	6	21.26	5.74
30	6	1993	6	22.61	0.5
1	7	1993	7	23.25	0.36
2	7	1993	7	24.22	0.11
3	7	1993	7	24.11	0
4	7	1993	7	24.29	0
5	7	1993	7	24.83	0.09
6	7	1993	7	24.87	0
7	7	1993	7	24.70	0.02
8	7	1993	7	24.92	0.33
9	7	1993	7	24.63	1.63
10	7	1993	7	24.85	3.13
11	7	1993	7	24.45	3.39
12	7	1993	7	24.27	4.7
13	7	1993	7	24.26	0.08
14	7	1993	7	23.98	1.95
15	7	1993	7	23.73	10.73
16	7	1993	7	23.87	0.88
17	7	1993	7	23.85	0.44
18	7	1993	7	24.84	0.28
19	7	1993	7	24.82	6.18
20	7	1993	7	24.70	0
21	7	1993	7	23.38	0.52
22	7	1993	7	24.42	0.88
23	7	1993	7	24.77	1.95
24	7	1993	7	24.28	4.8
25	7	1993	7	24.74	17.11
26	7	1993	7	24.44	11.59
27	7	1993	7	24.73	3.67
28	7	1993	7	25.56	1.11
29	7	1993	7	25.69	0.8
30	7	1993	7	22.32	0.25
31	7	1993	7	20.22	0.02
1	8	1993	8	20.33	0.19
2	8	1993	8	20.73	0.38
3	8	1993	8	22.09	24.07
4	8	1993	8	21.06	7.93
5	8	1993	8	20.79	0.01
6	8	1993	8	20.09	12.42
7	8	1993	8	20.14	8.76
8	8	1993	8	20.54	0.34
9	8	1993	8	20.02	0.57
10	8	1993	8	19.59	0
11	8	1993	8	19.76	0.63
12	8	1993	8	19.70	1.48
13	8	1993	8	20.46	9.96
14	8	1993	8	23.08	12.11
15	8	1993	8	22.96	0.19
16	8	1993	8	22.95	0.17
17	8	1993	8	23.50	0.02
18	8	1993	8	23.88	2.32
19	8	1993	8	23.49	0.31
20	8	1993	8	23.64	9.17
21	8	1993	8	22.80	0.52
22	8	1993	8	21.61	0
23	8	1993	8	22.48	2.24
24	8	1993	8	23.05	5.56
25	8	1993	8	23.27	5.51
26	8	1993	8	22.89	1.86
27	8	1993	8	23.06	2.26
28	8	1993	8	23.06	0.83
29	8	1993	8	23.13	0.1
30	8	1993	8	23.28	0.29
31	8	1993	8	23.60	2.66
1	9	1993	9	23.85	0.17
2	9	1993	9	22.84	13.55
3	9	1993	9	23.20	0.32
4	9	1993	9	21.44	20.73
5	9	1993	9	20.21	0.02
6	9	1993	9	20.92	0.42
7	9	1993	9	20.25	2.8
8	9	1993	9	20.14	4.22
9	9	1993	9	20.59	0.36
10	9	1993	9	19.04	0.01
11	9	1993	9	15.17	0
12	9	1993	9	15.13	0.01
13	9	1993	9	17.36	0
14	9	1993	9	19.09	0.05
15	9	1993	9	20.74	3.35
16	9	1993	9	21.01	2.94
17	9	1993	9	21.94	1.6
18	9	1993	9	21.14	0
19	9	1993	9	18.75	0
20	9	1993	9	17.99	6.55
21	9	1993	9	19.90	1.45
22	9	1993	9	17.90	0.01
23	9	1993	9	17.53	2.25
24	9	1993	9	18.59	0.01
25	9	1993	9	19.24	2.11
26	9	1993	9	21.26	3.9
27	9	1993	9	17.61	10.15
28	9	1993	9	12.18	0.01
29	9	1993	9	11.86	0
30	9	1993	9	9.85	0
1	10	1993	10	8.99	0
2	10	1993	10	13.02	0.04
3	10	1993	10	13.66	0.03
4	10	1993	10	12.90	0
5	10	1993	10	14.61	0
6	10	1993	10	14.60	0
7	10	1993	10	14.26	0
8	10	1993	10	15.73	0
9	10	1993	10	16.36	0.62
10	10	1993	10	13.99	0.31
11	10	1993	10	9.43	2.1
12	10	1993	10	8.18	0.45
13	10	1993	10	9.62	0
14	10	1993	10	11.63	0
15	10	1993	10	12.39	0.05
16	10	1993	10	12.54	2.28
17	10	1993	10	16.18	0.45
18	10	1993	10	17.35	0.15
19	10	1993	10	17.94	0.02
20	10	1993	10	18.62	0.14
21	10	1993	10	17.42	2.52
22	10	1993	10	10.56	2.65
23	10	1993	10	8.74	0.01
24	10	1993	10	9.37	0.02
25	10	1993	10	10.93	0.04
26	10	1993	10	12.57	0.03
27	10	1993	10	12.24	0
28	10	1993	10	8.74	0.29
29	10	1993	10	5.53	4.55
30	10	1993	10	6.33	26.56
31	10	1993	10	2.17	3.15
1	11	1993	11	1.04	0.19
2	11	1993	11	2.03	0.02
3	11	1993	11	4.62	0.61
4	11	1993	11	7.40	9.15
5	11	1993	11	12.64	12.28
6	11	1993	11	8.13	0.06
7	11	1993	11	2.03	0
8	11	1993	11	2.65	0
9	11	1993	11	2.87	0
10	11	1993	11	5.92	0
11	11	1993	11	5.71	0
12	11	1993	11	7.07	0
13	11	1993	11	10.47	0.01
14	11	1993	11	15.14	0.27
15	11	1993	11	16.33	6.83
16	11	1993	11	16.14	0.11
17	11	1993	11	15.39	6.22
18	11	1993	11	10.37	0.31
19	11	1993	11	8.53	0.43
20	11	1993	11	5.32	0.08
21	11	1993	11	2.44	0
22	11	1993	11	4.89	0
23	11	1993	11	6.31	0
24	11	1993	11	7.58	0
25	11	1993	11	7.69	0.03
26	11	1993	11	6.21	46.09
27	11	1993	11	7.36	28.76
28	11	1993	11	4.73	0
29	11	1993	11	3.12	0
30	11	1993	11	3.14	0
1	12	1993	12	2.61	0
2	12	1993	12	3.66	0
3	12	1993	12	7.31	0.01
4	12	1993	12	9.43	53.48
5	12	1993	12	8.14	2.81
6	12	1993	12	5.22	0.01
7	12	1993	12	3.93	0
8	12	1993	12	5.16	0
9	12	1993	12	4.68	0.04
10	12	1993	12	4.61	9.81
11	12	1993	12	0.79	0.59
12	12	1993	12	-1.03	0.01
13	12	1993	12	1.20	0.01
14	12	1993	12	1.67	14.59
15	12	1993	12	2.69	5.36
16	12	1993	12	5.17	0.01
17	12	1993	12	3.74	0.01
18	12	1993	12	3.91	0.6
19	12	1993	12	2.81	0.18
20	12	1993	12	-0.56	25.52
21	12	1993	12	-1.17	1.5
22	12	1993	12	-2.58	0.08
23	12	1993	12	-1.58	1.01
24	12	1993	12	-2.81	0.08
25	12	1993	12	-3.24	0.88
26	12	1993	12	-2.05	0.04
27	12	1993	12	2.88	0.16
28	12	1993	12	3.75	7.24
29	12	1993	12	2.63	3.95
30	12	1993	12	-2.92	0
31	12	1993	12	-2.23	0.01
1	1	1994	1	-0.38	0.51
2	1	1994	1	3.42	0.24
3	1	1994	1	3.26	24.29
4	1	1994	1	-0.38	6.1
5	1	1994	1	-1.78	0.19
6	1	1994	1	1.30	0.1
7	1	1994	1	5.72	13.76
8	1	1994	1	-0.18	0.22
9	1	1994	1	-4.41	0
10	1	1994	1	-3.64	0.03
11	1	1994	1	0.15	16.35
12	1	1994	1	4.72	21.95
13	1	1994	1	4.18	0.29
14	1	1994	1	-0.41	0.75
15	1	1994	1	-9.53	0.04
16	1	1994	1	-9.66	0.09
17	1	1994	1	-5.35	29.87
18	1	1994	1	-6.46	0.08
19	1	1994	1	-9.28	0.04
20	1	1994	1	-7.87	0
21	1	1994	1	-4.82	0
22	1	1994	1	-1.17	0.02
23	1	1994	1	0.60	0.24
24	1	1994	1	5.37	0.18
25	1	1994	1	4.03	8.82
26	1	1994	1	6.40	7.42
27	1	1994	1	5.29	11.3
28	1	1994	1	7.84	29.69
29	1	1994	1	5.58	0.01
30	1	1994	1	2.21	0.97
31	1	1994	1	-0.30	0
1	2	1994	2	-3.73	0
2	2	1994	2	-4.72	0
3	2	1994	2	-1.32	0
4	2	1994	2	0.48	0.03
5	2	1994	2	4.65	5.11
6	2	1994	2	5.54	0.01
7	2	1994	2	5.33	0.06
8	2	1994	2	8.16	1.96
9	2	1994	2	12.53	2.45
10	2	1994	2	6.27	18.01
11	2	1994	2	1.13	29.71
12	2	1994	2	2.61	0.09
13	2	1994	2	3.25	0.18
14	2	1994	2	1.49	0
15	2	1994	2	1.59	0
16	2	1994	2	4.53	0
17	2	1994	2	4.67	0
18	2	1994	2	6.61	0
19	2	1994	2	8.28	0
20	2	1994	2	11.24	0.08
21	2	1994	2	10.76	3.42
22	2	1994	2	7.36	18.99
23	2	1994	2	9.43	58.02
24	2	1994	2	6.19	0.69
25	2	1994	2	4.10	0
26	2	1994	2	2.02	0
27	2	1994	2	-1.23	0
28	2	1994	2	1.25	0
1	3	1994	3	2.81	17.86
2	3	1994	3	2.96	22.23
3	3	1994	3	2.26	0.69
4	3	1994	3	8.15	0
5	3	1994	3	9.79	0
6	3	1994	3	8.74	0.01
7	3	1994	3	10.43	0
8	3	1994	3	11.74	3.35
9	3	1994	3	8.79	11.07
10	3	1994	3	4.86	2.85
11	3	1994	3	1.07	0
12	3	1994	3	2.30	0.13
13	3	1994	3	3.96	0.6
14	3	1994	3	6.79	0.65
15	3	1994	3	9.58	0
16	3	1994	3	6.62	0
17	3	1994	3	3.90	0.04
18	3	1994	3	7.98	0.79
19	3	1994	3	11.18	0
20	3	1994	3	12.34	0.04
21	3	1994	3	13.32	4.97
22	3	1994	3	11.19	0
23	3	1994	3	10.48	0.05
24	3	1994	3	11.69	18.45
25	3	1994	3	10.55	3.86
26	3	1994	3	7.16	1.13
27	3	1994	3	11.14	94.09
28	3	1994	3	12.16	36.9
29	3	1994	3	5.88	4.24
30	3	1994	3	5.05	0.09
31	3	1994	3	5.83	2.49
1	4	1994	4	6.51	0
2	4	1994	4	8.62	0.04
3	4	1994	4	9.84	0.5
4	4	1994	4	10.78	0.1
5	4	1994	4	10.39	9.4
6	4	1994	4	12.40	13.19
7	4	1994	4	7.89	0.07
8	4	1994	4	6.41	0.02
9	4	1994	4	7.98	0.51
10	4	1994	4	13.85	12.15
11	4	1994	4	17.02	4.37
12	4	1994	4	14.69	12.48
13	4	1994	4	17.38	18.24
14	4	1994	4	15.36	0.08
15	4	1994	4	14.26	35.12
16	4	1994	4	13.50	0.29
17	4	1994	4	13.46	0
18	4	1994	4	14.55	0
19	4	1994	4	15.95	0
20	4	1994	4	17.18	0
21	4	1994	4	16.36	0
22	4	1994	4	14.86	0.1
23	4	1994	4	13.16	0.02
24	4	1994	4	13.65	0
25	4	1994	4	15.68	0
26	4	1994	4	18.23	3.7
27	4	1994	4	19.05	8.38
28	4	1994	4	18.41	0.68
29	4	1994	4	19.05	0.98
30	4	1994	4	17.98	0.31
1	5	1994	5	17.14	1.91
2	5	1994	5	12.83	1.07
3	5	1994	5	9.64	17.21
4	5	1994	5	10.93	0.68
5	5	1994	5	12.11	0.08
6	5	1994	5	12.73	0.58
7	5	1994	5	14.79	0.31
8	5	1994	5	13.31	6.02
9	5	1994	5	12.77	0.01
10	5	1994	5	14.05	0
11	5	1994	5	14.54	0
12	5	1994	5	15.59	0.01
13	5	1994	5	13.52	0.06
14	5	1994	5	15.63	2.1
15	5	1994	5	19.14	17.78
16	5	1994	5	18.33	0.13
17	5	1994	5	15.14	0.01
18	5	1994	5	13.26	0.12
19	5	1994	5	11.11	0
20	5	1994	5	10.63	0.02
21	5	1994	5	12.12	2.05
22	5	1994	5	14.53	0
23	5	1994	5	17.46	0.48
24	5	1994	5	18.98	1.63
25	5	1994	5	19.27	0.5
26	5	1994	5	18.40	9.66
27	5	1994	5	15.24	0.02
28	5	1994	5	13.72	0.02
29	5	1994	5	16.08	0.03
30	5	1994	5	17.05	0.09
31	5	1994	5	17.77	0.04
1	6	1994	6	19.81	0.05
2	6	1994	6	20.91	0.24
3	6	1994	6	20.40	1.86
4	6	1994	6	20.96	0.85
5	6	1994	6	21.00	13.61
6	6	1994	6	20.79	10.75
7	6	1994	6	21.78	17
8	6	1994	6	21.25	6.03
9	6	1994	6	19.30	1.51
10	6	1994	6	20.26	6.37
11	6	1994	6	20.01	6.35
12	6	1994	6	21.28	6.43
13	6	1994	6	21.08	3.34
14	6	1994	6	21.52	5
15	6	1994	6	21.76	7.06
16	6	1994	6	22.53	1.02
17	6	1994	6	22.56	1.43
18	6	1994	6	22.11	1.16
19	6	1994	6	22.13	1.5
20	6	1994	6	23.09	0.82
21	6	1994	6	22.99	3.02
22	6	1994	6	23.37	2.96
23	6	1994	6	22.95	3.24
24	6	1994	6	21.89	4.26
25	6	1994	6	20.13	0.37
26	6	1994	6	19.10	22.92
27	6	1994	6	20.05	28.67
28	6	1994	6	19.78	23.54
29	6	1994	6	21.23	0.08
30	6	1994	6	20.67	0.11
1	7	1994	7	20.87	0.09
2	7	1994	7	21.69	0.77
3	7	1994	7	22.11	1.91
4	7	1994	7	21.87	3.64
5	7	1994	7	21.68	12.32
6	7	1994	7	22.32	0.26
7	7	1994	7	21.83	0.32
8	7	1994	7	21.98	1.7
9	7	1994	7	22.40	0.71
10	7	1994	7	21.88	6.03
11	7	1994	7	20.72	7.14
12	7	1994	7	21.11	9.72
13	7	1994	7	21.37	10.99
14	7	1994	7	22.52	2.26
15	7	1994	7	22.49	8.12
16	7	1994	7	22.59	5.94
17	7	1994	7	22.61	7.42
18	7	1994	7	22.43	11.42
19	7	1994	7	21.98	3.75
20	7	1994	7	22.15	6.32
21	7	1994	7	21.99	2.4
22	7	1994	7	21.48	20.49
23	7	1994	7	22.04	7.31
24	7	1994	7	21.81	0.7
25	7	1994	7	22.12	3.31
26	7	1994	7	20.88	6.82
27	7	1994	7	19.50	36.81
28	7	1994	7	19.55	6.62
29	7	1994	7	19.67	0.08
30	7	1994	7	19.54	0.59
31	7	1994	7	19.69	1.29
1	8	1994	8	20.32	8.2
2	8	1994	8	20.83	2.98
3	8	1994	8	20.50	4.45
4	8	1994	8	21.60	13.4
5	8	1994	8	21.00	6.45
6	8	1994	8	18.83	0.5
7	8	1994	8	19.45	0.18
8	8	1994	8	20.24	2.56
9	8	1994	8	20.88	0.56
10	8	1994	8	21.81	1.13
11	8	1994	8	21.99	1.38
12	8	1994	8	22.13	1.56
13	8	1994	8	22.00	4.24
14	8	1994	8	21.91	16.22
15	8	1994	8	21.28	29.71
16	8	1994	8	19.08	108.43
17	8	1994	8	20.33	30.63
18	8	1994	8	20.43	1.35
19	8	1994	8	20.63	2.04
20	8	1994	8	20.60	4.43
21	8	1994	8	18.98	6.16
22	8	1994	8	18.29	0.03
23	8	1994	8	18.38	0.01
24	8	1994	8	19.19	0.01
25	8	1994	8	19.75	0.4
26	8	1994	8	20.67	0.24
27	8	1994	8	21.35	4.1
28	8	1994	8	21.06	0.11
29	8	1994	8	21.04	0.09
30	8	1994	8	21.43	0
31	8	1994	8	22.52	5.7
1	9	1994	9	21.91	15.29
2	9	1994	9	18.03	15.42
3	9	1994	9	15.63	3.88
4	9	1994	9	15.83	0.46
5	9	1994	9	15.84	0.15
6	9	1994	9	18.37	6.74
7	9	1994	9	18.39	0.55
8	9	1994	9	17.60	5.87
9	9	1994	9	18.61	1.19
10	9	1994	9	19.11	0.05
11	9	1994	9	18.62	0
12	9	1994	9	18.21	0.55
13	9	1994	9	17.98	0.57
14	9	1994	9	18.29	0
15	9	1994	9	18.96	0.08
16	9	1994	9	19.20	4.27
17	9	1994	9	19.97	15.23
18	9	1994	9	18.28	7.08
19	9	1994	9	16.02	0.05
20	9	1994	9	14.47	0
21	9	1994	9	14.81	0.1
22	9	1994	9	14.38	1.75
23	9	1994	9	14.43	9.35
24	9	1994	9	16.82	11.54
25	9	1994	9	17.41	20.67
26	9	1994	9	15.11	0.02
27	9	1994	9	15.26	0.07
28	9	1994	9	14.03	0
29	9	1994	9	14.71	0
30	9	1994	9	14.83	0.01
1	10	1994	10	16.46	0.06
2	10	1994	10	16.94	2.53
3	10	1994	10	16.51	19.58
4	10	1994	10	15.21	0
5	10	1994	10	12.29	0.11
6	10	1994	10	12.68	0
7	10	1994	10	14.34	0.46
8	10	1994	10	13.23	5.22
9	10	1994	10	14.39	18.59
10	10	1994	10	12.73	0.5
11	10	1994	10	10.09	4.09
12	10	1994	10	8.77	24.92
13	10	1994	10	9.54	31.96
14	10	1994	10	12.38	7.7
15	10	1994	10	13.68	0.09
16	10	1994	10	11.96	0
17	10	1994	10	11.20	0
18	10	1994	10	11.09	0.29
19	10	1994	10	11.38	2.57
20	10	1994	10	13.70	2.77
21	10	1994	10	13.23	0.06
22	10	1994	10	13.76	12.96
23	10	1994	10	15.03	6.22
24	10	1994	10	12.48	0.07
25	10	1994	10	11.55	0.02
26	10	1994	10	9.34	0.62
27	10	1994	10	6.16	0
28	10	1994	10	6.49	0
29	10	1994	10	8.50	0.02
30	10	1994	10	12.52	0.07
31	10	1994	10	16.61	2.14
1	11	1994	11	10.98	7.23
2	11	1994	11	8.89	0.09
3	11	1994	11	10.82	0
4	11	1994	11	12.04	0.06
5	11	1994	11	13.16	0
6	11	1994	11	16.09	5.31
7	11	1994	11	11.85	0.06
8	11	1994	11	10.12	0
9	11	1994	11	12.21	0
10	11	1994	11	11.64	16.95
11	11	1994	11	10.21	1.67
12	11	1994	11	8.52	0.03
13	11	1994	11	10.16	0
14	11	1994	11	10.59	0
15	11	1994	11	10.49	0
16	11	1994	11	10.72	0
17	11	1994	11	10.37	0.16
18	11	1994	11	13.86	0.28
19	11	1994	11	13.30	0
20	11	1994	11	10.39	0.3
21	11	1994	11	13.99	28.59
22	11	1994	11	10.06	0
23	11	1994	11	3.50	0
24	11	1994	11	3.08	0
25	11	1994	11	3.80	0.01
26	11	1994	11	4.21	3.33
27	11	1994	11	5.70	25.45
28	11	1994	11	8.26	7.75
29	11	1994	11	2.92	3.85
30	11	1994	11	3.61	0.14
1	12	1994	12	3.32	0
2	12	1994	12	4.32	0.1
3	12	1994	12	6.70	0.13
4	12	1994	12	10.27	45.2
5	12	1994	12	14.65	1.71
6	12	1994	12	12.74	0.09
7	12	1994	12	11.01	0.05
8	12	1994	12	9.96	0.14
9	12	1994	12	9.29	0.26
10	12	1994	12	8.23	18.19
11	12	1994	12	2.38	0.16
12	12	1994	12	-0.93	0.02
13	12	1994	12	0.34	0.12
14	12	1994	12	4.08	0.11
15	12	1994	12	5.87	0.16
16	12	1994	12	5.16	0.5
17	12	1994	12	7.16	0.18
18	12	1994	12	4.31	0.04
19	12	1994	12	2.53	0
20	12	1994	12	1.71	0.6
21	12	1994	12	2.51	0.3
22	12	1994	12	4.33	16.2
23	12	1994	12	5.76	0.61
24	12	1994	12	4.09	0
25	12	1994	12	3.67	0.02
26	12	1994	12	5.98	0
27	12	1994	12	5.64	0
28	12	1994	12	5.87	0
29	12	1994	12	6.15	0.09
30	12	1994	12	5.65	0.51
31	12	1994	12	4.68	9.65
1	1	1995	1	7.54	0.14
2	1	1995	1	1.18	0.04
3	1	1995	1	-0.89	0.01
4	1	1995	1	-2.10	0.01
5	1	1995	1	-5.58	0.08
6	1	1995	1	-2.71	40.33
7	1	1995	1	1.00	0.36
8	1	1995	1	0.58	0.02
9	1	1995	1	2.37	0.01
10	1	1995	1	3.34	0.02
11	1	1995	1	3.60	10.19
12	1	1995	1	8.07	3.52
13	1	1995	1	10.69	5.54
14	1	1995	1	12.59	116.69
15	1	1995	1	10.89	18.6
16	1	1995	1	7.14	0.15
17	1	1995	1	7.33	0.03
18	1	1995	1	7.69	0.14
19	1	1995	1	5.79	13.24
20	1	1995	1	1.99	0.18
21	1	1995	1	0.01	0.05
22	1	1995	1	0.10	0.02
23	1	1995	1	-0.04	0.18
24	1	1995	1	-2.64	0.05
25	1	1995	1	-0.23	0
26	1	1995	1	1.01	0
27	1	1995	1	0.82	0.04
28	1	1995	1	4.05	13.13
29	1	1995	1	2.54	4.15
30	1	1995	1	0.25	0.96
31	1	1995	1	0.12	0
1	2	1995	2	3.20	0.05
2	2	1995	2	5.16	2.69
3	2	1995	2	4.60	3.46
4	2	1995	2	0.53	2.13
5	2	1995	2	-5.60	0.04
6	2	1995	2	-7.28	0.04
7	2	1995	2	-5.71	1.11
8	2	1995	2	-8.48	0.63
9	2	1995	2	-7.20	0.04
10	2	1995	2	-1.34	2.99
11	2	1995	2	1.35	0.52
12	2	1995	2	-3.33	0.04
13	2	1995	2	-3.51	0.68
14	2	1995	2	0.27	0.12
15	2	1995	2	3.81	20.86
16	2	1995	2	7.36	63.27
17	2	1995	2	8.31	4.61
18	2	1995	2	7.18	6.31
19	2	1995	2	7.91	0.48
20	2	1995	2	8.08	0.06
21	2	1995	2	3.39	2.39
22	2	1995	2	3.81	0.01
23	2	1995	2	7.92	0.11
24	2	1995	2	6.33	0.02
25	2	1995	2	3.58	0
26	2	1995	2	7.81	0.04
27	2	1995	2	8.82	15.79
28	2	1995	2	10.82	10.9
1	3	1995	3	8.83	11.35
2	3	1995	3	4.48	0.01
3	3	1995	3	3.67	6.16
4	3	1995	3	3.82	0.6
5	3	1995	3	3.86	5.65
6	3	1995	3	9.74	3.01
7	3	1995	3	12.11	0.67
8	3	1995	3	9.88	50.5
9	3	1995	3	-0.81	0.05
10	3	1995	3	2.05	0.08
11	3	1995	3	5.86	0.16
12	3	1995	3	8.19	0
13	3	1995	3	9.41	0
14	3	1995	3	10.46	0.19
15	3	1995	3	10.70	0
16	3	1995	3	11.87	0
17	3	1995	3	13.01	0
18	3	1995	3	12.22	0
19	3	1995	3	9.33	0
20	3	1995	3	10.15	2.52
21	3	1995	3	10.80	10.33
22	3	1995	3	13.46	0
23	3	1995	3	17.68	0
24	3	1995	3	12.23	0
25	3	1995	3	8.87	0.01
26	3	1995	3	10.14	0.08
27	3	1995	3	12.03	6.99
28	3	1995	3	11.29	0
29	3	1995	3	9.06	0
30	3	1995	3	9.64	0
31	3	1995	3	8.50	0
1	4	1995	4	5.73	0
2	4	1995	4	6.51	0
3	4	1995	4	8.48	0
4	4	1995	4	10.01	0.12
5	4	1995	4	9.98	0.04
6	4	1995	4	11.02	0
7	4	1995	4	12.36	0
8	4	1995	4	14.13	0
9	4	1995	4	15.83	0.01
10	4	1995	4	18.17	0
11	4	1995	4	15.27	1.21
12	4	1995	4	13.29	6.58
13	4	1995	4	11.55	0.01
14	4	1995	4	11.16	0
15	4	1995	4	11.69	0
16	4	1995	4	14.73	0.04
17	4	1995	4	14.93	2.34
18	4	1995	4	18.37	0.13
19	4	1995	4	19.50	3.44
20	4	1995	4	18.78	0.45
21	4	1995	4	19.13	8.89
22	4	1995	4	16.02	0.08
23	4	1995	4	11.76	19.43
24	4	1995	4	7.67	0.1
25	4	1995	4	8.04	0.02
26	4	1995	4	9.73	0
27	4	1995	4	11.45	0
28	4	1995	4	13.25	0
29	4	1995	4	12.04	0.12
30	4	1995	4	14.16	0.49
1	5	1995	5	13.94	24.63
2	5	1995	5	10.91	0.19
3	5	1995	5	10.48	0.2
4	5	1995	5	11.79	1.9
5	5	1995	5	13.13	0.1
6	5	1995	5	12.39	0.01
7	5	1995	5	13.93	0.01
8	5	1995	5	15.71	0.02
9	5	1995	5	15.82	29.61
10	5	1995	5	18.75	0.5
11	5	1995	5	19.34	3.49
12	5	1995	5	16.41	0.09
13	5	1995	5	14.68	1.04
14	5	1995	5	17.56	14.16
15	5	1995	5	20.18	0.49
16	5	1995	5	17.69	0.01
17	5	1995	5	19.81	0
18	5	1995	5	21.24	5.24
19	5	1995	5	18.63	11.29
20	5	1995	5	14.47	0.02
21	5	1995	5	15.01	0
22	5	1995	5	16.35	0.85
23	5	1995	5	17.43	0
24	5	1995	5	18.56	0
25	5	1995	5	19.82	0
26	5	1995	5	20.43	3.07
27	5	1995	5	19.73	9.01
28	5	1995	5	18.86	10.83
29	5	1995	5	20.48	7.71
30	5	1995	5	19.66	0.08
31	5	1995	5	16.93	6.97
1	6	1995	6	18.35	32.1
2	6	1995	6	19.66	36.98
3	6	1995	6	19.72	2.9
4	6	1995	6	20.04	1
5	6	1995	6	19.38	5.1
6	6	1995	6	20.31	10.58
7	6	1995	6	20.38	0.83
8	6	1995	6	22.40	0
9	6	1995	6	23.04	8.45
10	6	1995	6	22.41	2.76
11	6	1995	6	21.89	15.52
12	6	1995	6	18.70	18.56
13	6	1995	6	14.93	0.15
14	6	1995	6	14.51	0.01
15	6	1995	6	16.54	1.97
16	6	1995	6	16.83	0.28
17	6	1995	6	17.26	6.01
18	6	1995	6	17.88	0.24
19	6	1995	6	16.47	10.12
20	6	1995	6	17.26	8.24
21	6	1995	6	18.32	12.43
22	6	1995	6	18.73	4.06
23	6	1995	6	19.33	0.41
24	6	1995	6	20.38	17.72
25	6	1995	6	20.78	10.69
26	6	1995	6	21.59	10.68
27	6	1995	6	21.08	0
28	6	1995	6	20.14	0.05
29	6	1995	6	20.54	8.81
30	6	1995	6	20.20	12.67
1	7	1995	7	20.34	4.6
2	7	1995	7	20.08	7.92
3	7	1995	7	20.49	9.3
4	7	1995	7	21.45	1.55
5	7	1995	7	23.12	0.1
6	7	1995	7	22.93	1.37
7	7	1995	7	21.45	1.09
8	7	1995	7	20.39	0.14
9	7	1995	7	19.47	0.01
10	7	1995	7	21.04	10.02
11	7	1995	7	22.65	0.11
12	7	1995	7	23.07	2.57
13	7	1995	7	23.06	0.34
14	7	1995	7	23.79	2.15
15	7	1995	7	24.12	2
16	7	1995	7	24.43	4.4
17	7	1995	7	24.01	1.03
18	7	1995	7	23.59	0.41
19	7	1995	7	22.03	0
20	7	1995	7	23.20	2.56
21	7	1995	7	23.79	6.81
22	7	1995	7	23.32	0.24
23	7	1995	7	24.25	0.64
24	7	1995	7	24.47	0.04
25	7	1995	7	24.38	0.2
26	7	1995	7	24.02	9.99
27	7	1995	7	22.65	3.78
28	7	1995	7	22.40	19.88
29	7	1995	7	23.07	0.29
30	7	1995	7	23.32	3.71
31	7	1995	7	23.50	11.02
1	8	1995	8	22.68	0.97
2	8	1995	8	22.54	0.6
3	8	1995	8	21.65	11.12
4	8	1995	8	22.36	9.83
5	8	1995	8	22.63	2.31
6	8	1995	8	23.07	3.53
7	8	1995	8	21.76	11.64
8	8	1995	8	19.35	10.54
9	8	1995	8	20.11	0.52
10	8	1995	8	21.01	5.64
11	8	1995	8	22.62	5.47
12	8	1995	8	23.36	1.7
13	8	1995	8	24.55	0.38
14	8	1995	8	25.03	0
15	8	1995	8	25.22	0.34
16	8	1995	8	25.79	0.02
17	8	1995	8	25.26	0.02
18	8	1995	8	25.26	6.02
19	8	1995	8	23.78	13.46
20	8	1995	8	21.68	6.73
21	8	1995	8	22.23	5.77
22	8	1995	8	23.25	0.29
23	8	1995	8	21.59	0.02
24	8	1995	8	21.85	9.67
25	8	1995	8	22.13	0.46
26	8	1995	8	20.74	85.54
27	8	1995	8	20.26	71.87
28	8	1995	8	21.98	0.12
29	8	1995	8	22.08	0
30	8	1995	8	22.18	0.01
31	8	1995	8	22.92	0.73
1	9	1995	9	22.67	5.7
2	9	1995	9	19.62	0.03
3	9	1995	9	17.72	0
4	9	1995	9	17.63	0
5	9	1995	9	18.27	5.25
6	9	1995	9	18.28	0.02
7	9	1995	9	18.73	0
8	9	1995	9	19.46	0.24
9	9	1995	9	20.09	1.99
10	9	1995	9	20.05	16.3
11	9	1995	9	18.09	10.84
12	9	1995	9	17.70	0.29
13	9	1995	9	19.89	8
14	9	1995	9	19.92	0.39
15	9	1995	9	18.85	0.46
16	9	1995	9	17.36	15.87
17	9	1995	9	18.98	4.19
18	9	1995	9	17.93	0.03
19	9	1995	9	17.68	0
20	9	1995	9	17.59	0.05
21	9	1995	9	18.32	0.06
22	9	1995	9	17.55	5.79
23	9	1995	9	11.52	7.13
24	9	1995	9	11.31	0.84
25	9	1995	9	14.86	0.92
26	9	1995	9	16.22	0.3
27	9	1995	9	16.03	0.1
28	9	1995	9	16.07	0
29	9	1995	9	14.63	0
30	9	1995	9	14.58	0
1	10	1995	10	17.03	0
2	10	1995	10	17.90	2.92
3	10	1995	10	16.71	16.1
4	10	1995	10	16.85	96.11
5	10	1995	10	18.31	58.93
6	10	1995	10	18.44	0.3
7	10	1995	10	16.45	0.02
8	10	1995	10	14.40	0
9	10	1995	10	14.17	0
10	10	1995	10	15.11	0
11	10	1995	10	15.35	0
12	10	1995	10	15.80	1.12
13	10	1995	10	15.56	8.18
14	10	1995	10	15.49	25.65
15	10	1995	10	10.34	0
16	10	1995	10	10.36	0
17	10	1995	10	9.34	0
18	10	1995	10	9.95	0
19	10	1995	10	11.53	0.01
20	10	1995	10	11.16	1.22
21	10	1995	10	7.57	0.03
22	10	1995	10	9.27	0
23	10	1995	10	10.29	0
24	10	1995	10	12.50	0.04
25	10	1995	10	11.09	0.03
26	10	1995	10	11.92	0.04
27	10	1995	10	12.00	12.11
28	10	1995	10	10.29	0.02
29	10	1995	10	7.65	0.02
30	10	1995	10	6.88	0.93
31	10	1995	10	7.94	5.9
1	11	1995	11	11.51	2.97
2	11	1995	11	14.47	23.06
3	11	1995	11	12.49	3
4	11	1995	11	3.09	0
5	11	1995	11	0.00	0.82
6	11	1995	11	3.51	4.2
7	11	1995	11	6.49	34.65
8	11	1995	11	4.37	0.11
9	11	1995	11	1.61	0.09
10	11	1995	11	4.21	0
11	11	1995	11	6.87	47.04
12	11	1995	11	2.13	0.03
13	11	1995	11	2.90	1.79
14	11	1995	11	1.77	2.31
15	11	1995	11	-1.16	0.01
16	11	1995	11	-0.14	0
17	11	1995	11	2.75	0
18	11	1995	11	5.39	0
19	11	1995	11	7.27	0
20	11	1995	11	7.51	0.01
21	11	1995	11	5.69	0
22	11	1995	11	2.61	0
23	11	1995	11	4.33	0.15
24	11	1995	11	4.81	0.65
25	11	1995	11	5.60	0.02
26	11	1995	11	7.63	0
27	11	1995	11	8.68	0.13
28	11	1995	11	10.59	9.14
29	11	1995	11	7.75	1.11
30	11	1995	11	4.37	0.01
1	12	1995	12	6.67	0
2	12	1995	12	9.03	0.01
3	12	1995	12	8.85	0.19
4	12	1995	12	9.73	0.32
5	12	1995	12	7.15	1.46
6	12	1995	12	7.23	3.99
7	12	1995	12	3.47	7.58
8	12	1995	12	-1.05	9.94
9	12	1995	12	-0.20	3.09
10	12	1995	12	-7.01	0.01
11	12	1995	12	-5.21	0.02
12	12	1995	12	-1.98	0.09
13	12	1995	12	3.89	0
14	12	1995	12	7.36	0.01
15	12	1995	12	11.14	0.2
16	12	1995	12	10.02	0.87
17	12	1995	12	4.64	0.58
18	12	1995	12	5.09	9.41
19	12	1995	12	7.12	16.16
20	12	1995	12	0.90	0.1
21	12	1995	12	-3.78	0
22	12	1995	12	-3.93	0.01
23	12	1995	12	-4.85	0.02
24	12	1995	12	-5.96	0.16
25	12	1995	12	-4.78	0.11
26	12	1995	12	-4.40	0.04
27	12	1995	12	-3.27	0.31
28	12	1995	12	-3.76	0.13
29	12	1995	12	-1.26	0
30	12	1995	12	0.34	0.13
31	12	1995	12	3.80	4.26
1	1	1996	1	6.18	3.51
2	1	1996	1	7.48	12.19
3	1	1996	1	2.87	0.3
4	1	1996	1	-1.40	0.07
5	1	1996	1	-0.58	0.33
6	1	1996	1	-0.39	21.14
7	1	1996	1	-4.66	11.98
8	1	1996	1	-7.69	0.94
9	1	1996	1	-4.63	0.2
10	1	1996	1	-1.98	0.15
11	1	1996	1	-2.35	7.5
12	1	1996	1	-2.74	3.85
13	1	1996	1	0.20	0.06
14	1	1996	1	3.62	0
15	1	1996	1	5.65	0.02
16	1	1996	1	4.08	0.4
17	1	1996	1	6.73	0.51
18	1	1996	1	9.09	55.54
19	1	1996	1	2.39	12.56
20	1	1996	1	-3.89	0.06
21	1	1996	1	-1.78	0.04
22	1	1996	1	-0.34	0.03
23	1	1996	1	3.18	0.03
24	1	1996	1	4.70	18.5
25	1	1996	1	0.06	0.58
26	1	1996	1	0.06	80.21
27	1	1996	1	2.64	11.1
28	1	1996	1	-0.80	0.03
29	1	1996	1	0.11	0.56
30	1	1996	1	3.72	1.89
31	1	1996	1	3.50	2.32
1	2	1996	2	-0.53	2.1
2	2	1996	2	-1.22	53.6
3	2	1996	2	-6.39	4.03
4	2	1996	2	-11.55	0.01
5	2	1996	2	-9.52	0
6	2	1996	2	-6.12	0.39
7	2	1996	2	-1.14	2.25
8	2	1996	2	4.22	2.11
9	2	1996	2	7.32	4.55
10	2	1996	2	7.38	0.23
11	2	1996	2	6.90	0.32
12	2	1996	2	-0.21	1.17
13	2	1996	2	-0.43	0
14	2	1996	2	3.73	0.1
15	2	1996	2	5.37	0.17
16	2	1996	2	-0.76	1.53
17	2	1996	2	-3.66	0.04
18	2	1996	2	-0.44	0
19	2	1996	2	3.19	1
20	2	1996	2	6.97	24.18
21	2	1996	2	10.22	0.17
22	2	1996	2	11.47	0.02
23	2	1996	2	14.02	0.02
24	2	1996	2	12.21	0
25	2	1996	2	9.14	0
26	2	1996	2	12.53	0
27	2	1996	2	15.11	0.07
28	2	1996	2	12.81	1.92
29	2	1996	2	2.64	0.01
1	3	1996	3	1.47	0.57
2	3	1996	3	2.98	0.16
3	3	1996	3	2.49	0.1
4	3	1996	3	3.73	0.06
5	3	1996	3	6.92	0.7
6	3	1996	3	12.97	31.3
7	3	1996	3	9.23	14.49
8	3	1996	3	-5.66	1.04
9	3	1996	3	-7.64	0.14
10	3	1996	3	-4.99	0.14
11	3	1996	3	-1.07	0
12	3	1996	3	2.59	0
13	3	1996	3	5.80	0
14	3	1996	3	9.15	0.09
15	3	1996	3	10.62	9.26
16	3	1996	3	11.32	4.69
17	3	1996	3	11.13	1.04
18	3	1996	3	8.55	1.85
19	3	1996	3	5.17	22
20	3	1996	3	-0.76	0.23
21	3	1996	3	-1.62	0.54
22	3	1996	3	0.56	0
23	3	1996	3	3.60	0
24	3	1996	3	7.45	0.14
25	3	1996	3	8.98	6.41
26	3	1996	3	8.81	0.28
27	3	1996	3	6.77	6.78
28	3	1996	3	4.99	18.36
29	3	1996	3	8.24	0.5
30	3	1996	3	8.54	0.02
31	3	1996	3	7.53	9.33
1	4	1996	4	7.42	3.32
2	4	1996	4	7.07	0.05
3	4	1996	4	10.69	0
4	4	1996	4	13.44	0.05
5	4	1996	4	10.24	0.11
6	4	1996	4	5.07	0.88
7	4	1996	4	3.33	0.34
8	4	1996	4	3.53	4.67
9	4	1996	4	3.32	0.05
10	4	1996	4	3.51	0
11	4	1996	4	8.75	0.02
12	4	1996	4	13.04	0.08
13	4	1996	4	13.05	2.18
14	4	1996	4	14.95	0.04
15	4	1996	4	14.19	3.31
16	4	1996	4	9.29	0.03
17	4	1996	4	10.80	0
18	4	1996	4	12.32	0.1
19	4	1996	4	12.88	4.53
20	4	1996	4	15.08	16.11
21	4	1996	4	16.40	4.32
22	4	1996	4	17.46	0.01
23	4	1996	4	16.07	1.77
24	4	1996	4	9.93	0.02
25	4	1996	4	12.04	0.08
26	4	1996	4	13.40	19.12
27	4	1996	4	12.06	0
28	4	1996	4	12.74	0.01
29	4	1996	4	17.18	15.31
30	4	1996	4	13.03	9.79
1	5	1996	5	9.92	0.16
2	5	1996	5	13.41	0
3	5	1996	5	16.03	0
4	5	1996	5	19.02	0
5	5	1996	5	19.49	0.02
6	5	1996	5	19.03	17.13
7	5	1996	5	16.30	1.11
8	5	1996	5	18.51	0.6
9	5	1996	5	19.69	0.67
10	5	1996	5	19.24	2.61
11	5	1996	5	17.65	4.14
12	5	1996	5	12.76	0.05
13	5	1996	5	9.98	0.35
14	5	1996	5	10.58	0.25
15	5	1996	5	10.51	12.01
16	5	1996	5	16.01	0.04
17	5	1996	5	19.82	0.01
18	5	1996	5	21.54	0
19	5	1996	5	22.57	0
20	5	1996	5	22.41	0.73
21	5	1996	5	22.24	0.33
22	5	1996	5	21.37	0.04
23	5	1996	5	19.36	0
24	5	1996	5	21.43	2.71
25	5	1996	5	21.67	21.03
26	5	1996	5	20.43	18.39
27	5	1996	5	20.67	10.16
28	5	1996	5	20.33	1.88
29	5	1996	5	20.36	0.26
30	5	1996	5	16.38	0.02
31	5	1996	5	14.05	0
1	6	1996	6	13.88	0
2	6	1996	6	15.23	0.01
3	6	1996	6	17.54	2.74
4	6	1996	6	17.08	10.26
5	6	1996	6	16.61	0.03
6	6	1996	6	17.83	0.34
7	6	1996	6	19.05	12.48
8	6	1996	6	18.47	20.37
9	6	1996	6	19.55	24.76
10	6	1996	6	18.07	8.29
11	6	1996	6	17.90	1.02
12	6	1996	6	18.23	6.79
13	6	1996	6	19.58	5.77
14	6	1996	6	20.68	1.09
15	6	1996	6	21.26	2.72
16	6	1996	6	21.26	1.5
17	6	1996	6	21.68	6.15
18	6	1996	6	21.71	3.39
19	6	1996	6	22.48	8.19
20	6	1996	6	22.33	3.53
21	6	1996	6	22.89	0.07
22	6	1996	6	23.12	0.19
23	6	1996	6	24.09	0.01
24	6	1996	6	23.83	6.85
25	6	1996	6	23.09	0.96
26	6	1996	6	20.88	0.02
27	6	1996	6	21.00	0
28	6	1996	6	21.27	0
29	6	1996	6	21.96	0
30	6	1996	6	23.00	0
1	7	1996	7	23.76	0.15
2	7	1996	7	23.98	2.18
3	7	1996	7	22.27	0.19
4	7	1996	7	17.88	0.25
5	7	1996	7	18.36	0.66
6	7	1996	7	21.39	0.35
7	7	1996	7	22.25	2.04
8	7	1996	7	21.79	4.05
9	7	1996	7	22.64	0.63
10	7	1996	7	21.09	0.06
11	7	1996	7	18.63	0.02
12	7	1996	7	19.90	0.42
13	7	1996	7	20.67	7.09
14	7	1996	7	22.62	30.58
15	7	1996	7	21.74	10.04
16	7	1996	7	22.08	5.55
17	7	1996	7	22.79	7.92
18	7	1996	7	23.36	0.26
19	7	1996	7	23.56	0.04
20	7	1996	7	23.98	0.44
21	7	1996	7	23.25	4.95
22	7	1996	7	23.96	0.1
23	7	1996	7	23.65	4.46
24	7	1996	7	22.57	0.56
25	7	1996	7	21.36	22.21
26	7	1996	7	19.52	0.61
27	7	1996	7	19.08	0.09
28	7	1996	7	19.53	16.51
29	7	1996	7	20.41	1.22
30	7	1996	7	19.77	8.52
31	7	1996	7	19.19	9.69
1	8	1996	8	21.23	10.17
2	8	1996	8	19.74	1.12
3	8	1996	8	20.46	0.31
4	8	1996	8	21.23	1.82
5	8	1996	8	21.79	10.7
6	8	1996	8	22.39	10.82
7	8	1996	8	22.81	9.73
8	8	1996	8	21.79	4.35
9	8	1996	8	22.10	2.55
10	8	1996	8	20.54	0.01
11	8	1996	8	19.78	14.06
12	8	1996	8	19.72	37.04
13	8	1996	8	19.36	4
14	8	1996	8	19.83	3.3
15	8	1996	8	20.28	1.18
16	8	1996	8	20.66	2.46
17	8	1996	8	20.95	6.69
18	8	1996	8	21.26	0.21
19	8	1996	8	21.60	5.36
20	8	1996	8	22.04	0.33
21	8	1996	8	22.03	3.4
22	8	1996	8	22.15	7.07
23	8	1996	8	22.36	2.71
24	8	1996	8	21.81	7.28
25	8	1996	8	20.40	11.04
26	8	1996	8	21.28	4.77
27	8	1996	8	20.95	5.96
28	8	1996	8	21.23	6.99
29	8	1996	8	20.45	4.54
30	8	1996	8	20.46	5.85
31	8	1996	8	20.17	0.27
1	9	1996	9	19.46	0.13
2	9	1996	9	17.98	11.11
3	9	1996	9	19.64	15.69
4	9	1996	9	20.68	39.35
5	9	1996	9	20.11	11.82
6	9	1996	9	21.60	0.04
7	9	1996	9	20.97	5.17
8	9	1996	9	20.70	0.44
9	9	1996	9	21.00	2.17
10	9	1996	9	19.92	5.55
11	9	1996	9	20.14	1.48
12	9	1996	9	19.34	0.36
13	9	1996	9	16.12	0
14	9	1996	9	13.74	0.03
15	9	1996	9	13.80	0
16	9	1996	9	15.08	26.66
17	9	1996	9	17.46	0.1
18	9	1996	9	14.53	0.03
19	9	1996	9	13.89	0.02
20	9	1996	9	14.18	0.04
21	9	1996	9	14.36	8.65
22	9	1996	9	15.64	0.07
23	9	1996	9	16.55	0
24	9	1996	9	16.62	0.03
25	9	1996	9	17.02	1.18
26	9	1996	9	17.14	0.69
27	9	1996	9	18.32	10.96
28	9	1996	9	17.28	50.48
29	9	1996	9	13.61	0.55
30	9	1996	9	12.71	8.98
1	10	1996	10	13.91	0.17
2	10	1996	10	17.03	5.24
3	10	1996	10	18.13	0.73
4	10	1996	10	13.41	0.01
5	10	1996	10	8.77	0
6	10	1996	10	9.64	0.04
7	10	1996	10	10.76	1.16
8	10	1996	10	13.68	4.72
9	10	1996	10	13.24	0.49
10	10	1996	10	8.74	1.14
11	10	1996	10	8.13	0
12	10	1996	10	8.71	0
13	10	1996	10	10.78	0
14	10	1996	10	13.44	0
15	10	1996	10	14.52	0
16	10	1996	10	14.96	0
17	10	1996	10	14.88	0.01
18	10	1996	10	12.42	2.18
19	10	1996	10	6.91	0.02
20	10	1996	10	7.21	0
21	10	1996	10	9.47	0.05
22	10	1996	10	12.98	0.03
23	10	1996	10	14.09	4.01
24	10	1996	10	10.98	0.01
25	10	1996	10	11.42	0.02
26	10	1996	10	12.09	4.26
27	10	1996	10	16.06	0.88
28	10	1996	10	17.05	0.94
29	10	1996	10	17.45	0.07
30	10	1996	10	19.13	0
31	10	1996	10	14.75	0
1	11	1996	11	11.89	8.39
2	11	1996	11	7.00	4.6
3	11	1996	11	2.79	0.04
4	11	1996	11	4.25	0
5	11	1996	11	8.45	0.03
6	11	1996	11	12.68	0.1
7	11	1996	11	14.89	8.04
8	11	1996	11	11.55	58.56
9	11	1996	11	1.59	0.57
10	11	1996	11	-0.16	1.15
11	11	1996	11	-0.64	0.01
12	11	1996	11	-0.02	0
13	11	1996	11	0.06	0.02
14	11	1996	11	3.21	0.92
15	11	1996	11	1.82	0.02
16	11	1996	11	2.11	0.03
17	11	1996	11	4.38	0.24
18	11	1996	11	8.19	9.13
19	11	1996	11	9.68	0.09
20	11	1996	11	9.00	0.14
21	11	1996	11	7.91	9.84
22	11	1996	11	4.07	0
23	11	1996	11	2.70	0
24	11	1996	11	5.79	0.46
25	11	1996	11	8.19	18.49
26	11	1996	11	8.11	0.05
27	11	1996	11	1.96	0.01
28	11	1996	11	1.69	0
29	11	1996	11	1.28	0
30	11	1996	11	4.38	39.53
1	12	1996	12	9.63	55.93
2	12	1996	12	4.68	0.04
3	12	1996	12	4.76	0
4	12	1996	12	3.82	0.11
5	12	1996	12	1.39	4.77
6	12	1996	12	4.45	0.09
7	12	1996	12	4.47	6.46
8	12	1996	12	1.79	0.55
9	12	1996	12	0.04	0
10	12	1996	12	3.29	0.09
11	12	1996	12	6.91	0.35
12	12	1996	12	11.14	23.29
13	12	1996	12	7.96	0.67
14	12	1996	12	5.30	0.11
15	12	1996	12	4.94	0
16	12	1996	12	3.74	0.04
17	12	1996	12	4.82	11.06
18	12	1996	12	2.00	4.39
19	12	1996	12	-3.66	0.2
20	12	1996	12	-7.38	0.06
21	12	1996	12	-5.88	0.07
22	12	1996	12	-0.98	0.16
23	12	1996	12	5.20	0.03
24	12	1996	12	5.73	5.62
25	12	1996	12	0.14	0.01
26	12	1996	12	-0.36	2.18
27	12	1996	12	6.28	1.6
28	12	1996	12	9.52	1.07
29	12	1996	12	13.24	12.13
30	12	1996	12	12.33	0.66
31	12	1996	12	12.65	1.35
1	1	1997	1	9.90	0.23
2	1	1997	1	11.67	0.1
3	1	1997	1	12.48	0
4	1	1997	1	11.48	0.03
5	1	1997	1	11.63	13.94
6	1	1997	1	6.68	0.05
7	1	1997	1	3.20	0.26
8	1	1997	1	0.42	7.47
9	1	1997	1	-0.10	20.71
10	1	1997	1	-0.59	7.26
11	1	1997	1	-6.64	0.1
12	1	1997	1	-6.06	0.02
13	1	1997	1	-4.62	0
14	1	1997	1	-2.89	0.07
15	1	1997	1	-0.55	15.55
16	1	1997	1	-0.24	6
17	1	1997	1	-8.12	0
18	1	1997	1	-8.14	0.01
19	1	1997	1	-5.49	0.11
20	1	1997	1	-0.43	0
21	1	1997	1	4.31	0.05
22	1	1997	1	5.92	3.43
23	1	1997	1	6.91	1.65
24	1	1997	1	5.22	32.15
25	1	1997	1	4.82	3.34
26	1	1997	1	0.44	0.01
27	1	1997	1	2.57	0.37
28	1	1997	1	5.56	16.71
29	1	1997	1	2.37	0.01
30	1	1997	1	3.12	0.37
31	1	1997	1	4.78	0.01
1	2	1997	2	7.94	0
2	2	1997	2	8.38	0.01
3	2	1997	2	8.34	2.4
4	2	1997	2	7.58	19.88
5	2	1997	2	7.06	4.53
6	2	1997	2	3.86	0.02
7	2	1997	2	6.59	3.47
8	2	1997	2	5.26	7.47
9	2	1997	2	1.44	0.15
10	2	1997	2	0.59	3.63
11	2	1997	2	-1.00	0.01
12	2	1997	2	-0.85	0.58
13	2	1997	2	-0.99	16.09
14	2	1997	2	0.89	12.97
15	2	1997	2	3.09	3.14
16	2	1997	2	1.97	0
17	2	1997	2	4.49	0
18	2	1997	2	5.63	0.01
19	2	1997	2	8.32	0.01
20	2	1997	2	10.64	0.36
21	2	1997	2	11.59	22.41
22	2	1997	2	9.47	1.69
23	2	1997	2	2.98	0.19
24	2	1997	2	3.30	0.01
25	2	1997	2	5.51	0.01
26	2	1997	2	7.43	3.06
27	2	1997	2	11.77	17.61
28	2	1997	2	13.77	43.22
1	3	1997	3	16.26	3
2	3	1997	3	16.02	8.58
3	3	1997	3	15.97	12.61
4	3	1997	3	12.63	0.68
5	3	1997	3	12.44	13.74
6	3	1997	3	7.52	0.12
7	3	1997	3	6.38	0.13
8	3	1997	3	9.28	0
9	3	1997	3	8.98	0.08
10	3	1997	3	12.21	1.35
11	3	1997	3	12.25	0.03
12	3	1997	3	11.06	0.08
13	3	1997	3	9.72	45.05
14	3	1997	3	11.64	21.91
15	3	1997	3	4.84	0.02
16	3	1997	3	2.27	0.01
17	3	1997	3	5.25	0.09
18	3	1997	3	8.93	2.22
19	3	1997	3	11.08	34.74
20	3	1997	3	11.01	0.04
21	3	1997	3	10.64	0
22	3	1997	3	11.37	0
23	3	1997	3	8.59	0
24	3	1997	3	7.21	0.02
25	3	1997	3	8.83	3.21
26	3	1997	3	11.85	9.62
27	3	1997	3	10.07	0.53
28	3	1997	3	9.74	10.56
29	3	1997	3	14.48	8.51
30	3	1997	3	13.90	2.28
31	3	1997	3	7.89	1.16
1	4	1997	4	6.26	0.01
2	4	1997	4	7.40	0
3	4	1997	4	9.81	0
4	4	1997	4	12.04	0.01
5	4	1997	4	15.12	0
6	4	1997	4	15.94	34.76
7	4	1997	4	12.34	0.07
8	4	1997	4	8.33	0
9	4	1997	4	8.23	0
10	4	1997	4	6.27	0
11	4	1997	4	8.50	0.01
12	4	1997	4	12.14	31.87
13	4	1997	4	10.59	0
14	4	1997	4	5.94	0
15	4	1997	4	7.38	0
16	4	1997	4	9.58	0
17	4	1997	4	8.47	0.25
18	4	1997	4	5.50	0.72
19	4	1997	4	6.98	1.3
20	4	1997	4	10.34	0.08
21	4	1997	4	12.05	11.84
22	4	1997	4	14.43	18.28
23	4	1997	4	10.21	15.78
24	4	1997	4	8.47	0.01
25	4	1997	4	9.53	0.01
26	4	1997	4	8.45	0.79
27	4	1997	4	8.65	17.13
28	4	1997	4	12.83	26.75
29	4	1997	4	13.23	1.75
30	4	1997	4	14.79	0.07
1	5	1997	5	16.81	0.06
2	5	1997	5	13.16	4.19
3	5	1997	5	14.37	33.63
4	5	1997	5	10.98	0.08
5	5	1997	5	9.75	0.08
6	5	1997	5	13.28	0.13
7	5	1997	5	13.25	0
8	5	1997	5	12.93	0.57
9	5	1997	5	14.13	0.98
10	5	1997	5	11.14	0
11	5	1997	5	10.27	0
12	5	1997	5	12.02	0
13	5	1997	5	12.25	0.22
14	5	1997	5	12.07	0.04
15	5	1997	5	13.56	0.23
16	5	1997	5	9.96	0
17	5	1997	5	12.57	0
18	5	1997	5	16.08	0.01
19	5	1997	5	17.99	3.23
20	5	1997	5	18.76	0.93
21	5	1997	5	14.89	0.02
22	5	1997	5	13.21	0
23	5	1997	5	14.70	0
24	5	1997	5	16.10	0
25	5	1997	5	17.49	8.72
26	5	1997	5	20.03	0.7
27	5	1997	5	15.50	6.4
28	5	1997	5	12.08	4.45
29	5	1997	5	11.16	6.99
30	5	1997	5	13.38	9.05
31	5	1997	5	17.03	24.46
1	6	1997	6	17.85	13.55
2	6	1997	6	17.23	20.5
3	6	1997	6	15.46	8.31
4	6	1997	6	13.18	0.52
5	6	1997	6	13.00	0.27
6	6	1997	6	12.16	0.15
7	6	1997	6	11.79	0.44
8	6	1997	6	12.79	0.34
9	6	1997	6	12.89	1.29
10	6	1997	6	15.49	0.05
11	6	1997	6	16.85	0.27
12	6	1997	6	18.85	11.27
13	6	1997	6	21.30	11.75
14	6	1997	6	19.96	31.95
15	6	1997	6	19.28	0.16
16	6	1997	6	19.31	0.21
17	6	1997	6	20.41	0.7
18	6	1997	6	21.16	0.27
19	6	1997	6	20.69	0.84
20	6	1997	6	21.08	3.61
21	6	1997	6	21.45	5.4
22	6	1997	6	20.94	1.44
23	6	1997	6	21.58	0.42
24	6	1997	6	22.11	1.25
25	6	1997	6	22.82	1.77
26	6	1997	6	22.63	23.62
27	6	1997	6	20.50	4.03
28	6	1997	6	19.60	0.51
29	6	1997	6	20.08	1.28
30	6	1997	6	19.91	0.13
1	7	1997	7	21.66	5.08
2	7	1997	7	22.55	0.11
3	7	1997	7	24.57	0.03
4	7	1997	7	22.63	3.71
5	7	1997	7	21.18	0.08
6	7	1997	7	19.88	0.03
7	7	1997	7	19.64	0
8	7	1997	7	20.27	0.32
9	7	1997	7	20.94	11.46
10	7	1997	7	21.54	14.45
11	7	1997	7	21.19	9.31
12	7	1997	7	21.32	0.08
13	7	1997	7	22.28	0.43
14	7	1997	7	22.90	0.2
15	7	1997	7	23.39	0.4
16	7	1997	7	22.73	2.01
17	7	1997	7	22.54	0.41
18	7	1997	7	22.32	0.3
19	7	1997	7	23.00	0.54
20	7	1997	7	23.46	3.65
21	7	1997	7	23.86	0.74
22	7	1997	7	23.50	6.79
23	7	1997	7	22.34	19.95
24	7	1997	7	22.91	0.58
25	7	1997	7	22.70	1.01
26	7	1997	7	23.33	0.03
27	7	1997	7	23.41	1.38
28	7	1997	7	24.35	6.4
29	7	1997	7	22.28	1.16
30	7	1997	7	19.83	14.38
31	7	1997	7	18.49	0.47
1	8	1997	8	17.48	0
2	8	1997	8	18.62	0
3	8	1997	8	20.16	0.03
4	8	1997	8	21.23	0.94
5	8	1997	8	20.81	0.89
6	8	1997	8	17.69	0.31
7	8	1997	8	18.14	2.19
8	8	1997	8	18.59	0.07
9	8	1997	8	18.14	0.91
10	8	1997	8	19.01	1.18
11	8	1997	8	21.05	0.89
12	8	1997	8	22.48	0.21
13	8	1997	8	22.46	1.11
14	8	1997	8	23.15	0.15
15	8	1997	8	22.89	3.17
16	8	1997	8	24.02	0.1
17	8	1997	8	24.37	0.18
18	8	1997	8	23.51	1.66
19	8	1997	8	22.13	0.12
20	8	1997	8	21.80	1.76
21	8	1997	8	20.32	0.26
22	8	1997	8	17.18	0
23	8	1997	8	16.19	0
24	8	1997	8	16.89	0
25	8	1997	8	17.77	0.58
26	8	1997	8	19.25	0
27	8	1997	8	20.61	0.71
28	8	1997	8	21.22	0.04
29	8	1997	8	21.56	0.03
30	8	1997	8	21.22	3.6
31	8	1997	8	21.69	7.89
1	9	1997	9	22.16	3.5
2	9	1997	9	22.20	2.63
3	9	1997	9	20.27	0.57
4	9	1997	9	16.49	0.02
5	9	1997	9	14.69	0
6	9	1997	9	16.34	0
7	9	1997	9	17.90	0
8	9	1997	9	19.43	0.01
9	9	1997	9	18.89	6.8
10	9	1997	9	18.33	25.82
11	9	1997	9	17.28	4.11
12	9	1997	9	17.74	0.11
13	9	1997	9	18.66	0.02
14	9	1997	9	18.90	0
15	9	1997	9	19.38	0
16	9	1997	9	19.49	0.01
17	9	1997	9	19.97	0.56
18	9	1997	9	21.01	0.04
19	9	1997	9	21.10	4.39
20	9	1997	9	20.84	3.05
21	9	1997	9	17.75	0.1
22	9	1997	9	16.18	0.01
23	9	1997	9	17.96	2.72
24	9	1997	9	16.04	87.43
25	9	1997	9	15.23	8.85
26	9	1997	9	15.78	0.11
27	9	1997	9	15.93	1.15
28	9	1997	9	15.44	24.42
29	9	1997	9	15.62	0.7
30	9	1997	9	15.56	0.03
1	10	1997	10	14.48	0
2	10	1997	10	11.86	0
3	10	1997	10	13.13	0
4	10	1997	10	14.98	0
5	10	1997	10	16.08	0
6	10	1997	10	16.60	0
7	10	1997	10	17.33	0.01
8	10	1997	10	17.63	0
9	10	1997	10	17.76	0
10	10	1997	10	18.07	0.31
11	10	1997	10	18.00	0.03
12	10	1997	10	17.49	0.01
13	10	1997	10	17.51	0.01
14	10	1997	10	15.10	1.81
15	10	1997	10	12.17	0.21
16	10	1997	10	10.82	0.76
17	10	1997	10	10.96	1.88
18	10	1997	10	10.80	8.34
19	10	1997	10	10.98	7.54
20	10	1997	10	10.28	0.03
21	10	1997	10	9.12	0.26
22	10	1997	10	8.18	0.6
23	10	1997	10	5.72	0.07
24	10	1997	10	6.58	16.9
25	10	1997	10	11.63	4.07
26	10	1997	10	13.56	85.23
27	10	1997	10	9.46	0.02
28	10	1997	10	5.42	0.01
29	10	1997	10	7.32	0.01
30	10	1997	10	7.90	0.02
31	10	1997	10	8.28	1.16
1	11	1997	11	10.12	15.35
2	11	1997	11	8.93	7.75
3	11	1997	11	6.12	0.29
4	11	1997	11	4.21	0.07
5	11	1997	11	3.79	0.01
6	11	1997	11	3.74	2.18
7	11	1997	11	6.89	2.37
8	11	1997	11	6.09	1.34
9	11	1997	11	5.85	0.05
10	11	1997	11	4.82	0.01
11	11	1997	11	5.23	0.12
12	11	1997	11	3.67	5.99
13	11	1997	11	4.18	6.95
14	11	1997	11	5.80	1.62
15	11	1997	11	3.07	0.02
16	11	1997	11	-0.39	0.02
17	11	1997	11	-0.61	0.01
18	11	1997	11	0.44	0
19	11	1997	11	2.68	0.01
20	11	1997	11	3.73	0.01
21	11	1997	11	4.45	10.9
22	11	1997	11	9.15	0.47
23	11	1997	11	6.85	0.01
24	11	1997	11	2.73	0
25	11	1997	11	2.08	0.01
26	11	1997	11	3.85	0
27	11	1997	11	6.51	0
28	11	1997	11	7.88	0.08
29	11	1997	11	7.30	1.06
30	11	1997	11	9.19	6.24
1	12	1997	12	8.20	2.87
2	12	1997	12	5.15	0.06
3	12	1997	12	5.36	11.07
4	12	1997	12	8.18	0.47
5	12	1997	12	1.33	0.37
6	12	1997	12	-3.40	0.28
7	12	1997	12	-3.96	0.25
8	12	1997	12	-4.02	3.5
9	12	1997	12	0.76	1.23
10	12	1997	12	5.64	6.82
11	12	1997	12	3.81	0
12	12	1997	12	1.98	0
13	12	1997	12	0.80	0
14	12	1997	12	0.96	0
15	12	1997	12	0.56	0
16	12	1997	12	2.74	0
17	12	1997	12	3.33	0
18	12	1997	12	4.06	0
19	12	1997	12	4.93	0
20	12	1997	12	5.92	0
21	12	1997	12	4.24	6.35
22	12	1997	12	4.59	11.76
23	12	1997	12	5.77	0.06
24	12	1997	12	5.80	26.52
25	12	1997	12	7.59	1.63
26	12	1997	12	5.96	0.02
27	12	1997	12	2.11	18.9
28	12	1997	12	-1.84	0.03
29	12	1997	12	-2.45	2.83
30	12	1997	12	-2.40	3.9
31	12	1997	12	-3.01	1.61
1	1	1998	1	-4.23	0.08
2	1	1998	1	0.72	0.48
3	1	1998	1	3.68	0.25
4	1	1998	1	6.61	0.06
5	1	1998	1	8.28	3.77
6	1	1998	1	12.74	7.1
7	1	1998	1	14.53	137.3
8	1	1998	1	14.53	10.9
9	1	1998	1	7.51	0.26
10	1	1998	1	4.38	0
11	1	1998	1	4.31	0.2
12	1	1998	1	6.01	0.6
13	1	1998	1	8.13	0.94
14	1	1998	1	5.51	4.67
15	1	1998	1	3.41	34.37
16	1	1998	1	4.64	15.77
17	1	1998	1	4.13	0.85
18	1	1998	1	2.48	4.18
19	1	1998	1	1.82	4.37
20	1	1998	1	0.96	0.25
21	1	1998	1	1.87	1.98
22	1	1998	1	2.57	30.44
23	1	1998	1	5.84	3.09
24	1	1998	1	3.82	1.07
25	1	1998	1	1.16	0.27
26	1	1998	1	1.04	0.18
27	1	1998	1	0.39	46.12
28	1	1998	1	2.56	1.07
29	1	1998	1	3.58	0.02
30	1	1998	1	2.67	0
31	1	1998	1	1.63	0.01
1	2	1998	2	0.65	2.35
2	2	1998	2	1.92	8.75
3	2	1998	2	3.22	63.34
4	2	1998	2	2.59	15.58
5	2	1998	2	1.23	0.24
6	2	1998	2	1.79	0.03
7	2	1998	2	2.85	0.64
8	2	1998	2	3.38	0.16
9	2	1998	2	5.40	0.57
10	2	1998	2	4.48	0.81
11	2	1998	2	4.59	10.41
12	2	1998	2	4.87	0.01
13	2	1998	2	3.40	0
14	2	1998	2	3.63	1.31
15	2	1998	2	1.28	0.13
16	2	1998	2	3.59	56.22
17	2	1998	2	7.28	28.6
18	2	1998	2	7.57	0.01
19	2	1998	2	7.11	0.01
20	2	1998	2	6.12	0.26
21	2	1998	2	5.52	0.56
22	2	1998	2	2.97	5.08
23	2	1998	2	4.27	14.07
24	2	1998	2	6.51	0.04
25	2	1998	2	8.86	1.47
26	2	1998	2	9.25	0.22
27	2	1998	2	10.59	11.62
28	2	1998	2	11.26	0.04
1	3	1998	3	9.12	0.12
2	3	1998	3	4.49	0.61
3	3	1998	3	0.28	0.32
4	3	1998	3	2.05	0.21
5	3	1998	3	3.76	0.02
6	3	1998	3	5.32	6.83
7	3	1998	3	7.15	8
8	3	1998	3	9.83	42.04
9	3	1998	3	8.10	7.21
10	3	1998	3	-1.31	0.18
11	3	1998	3	-3.76	0.15
12	3	1998	3	-4.88	0.18
13	3	1998	3	-2.56	0
14	3	1998	3	3.62	0.03
15	3	1998	3	6.69	0.04
16	3	1998	3	4.31	2.86
17	3	1998	3	2.99	5.92
18	3	1998	3	5.23	22.27
19	3	1998	3	11.60	1.81
20	3	1998	3	11.82	16.52
21	3	1998	3	3.85	1.63
22	3	1998	3	3.14	0.09
23	3	1998	3	2.45	1.18
24	3	1998	3	5.23	0.13
25	3	1998	3	6.72	0.18
26	3	1998	3	11.98	0.02
27	3	1998	3	14.06	0
28	3	1998	3	15.91	0
29	3	1998	3	16.24	0
30	3	1998	3	16.61	0.17
31	3	1998	3	16.30	3.49
1	4	1998	4	17.21	4.79
2	4	1998	4	14.28	2.97
3	4	1998	4	10.33	24.85
4	4	1998	4	8.34	0.55
5	4	1998	4	7.77	0.01
6	4	1998	4	9.00	0.05
7	4	1998	4	11.50	0.62
8	4	1998	4	15.38	21.64
9	4	1998	4	14.79	5.59
10	4	1998	4	7.39	0.79
11	4	1998	4	8.13	0.04
12	4	1998	4	9.43	0.08
13	4	1998	4	9.59	0.09
14	4	1998	4	11.65	3.26
15	4	1998	4	14.57	6.35
16	4	1998	4	14.88	30.26
17	4	1998	4	17.46	18.63
18	4	1998	4	13.92	12.44
19	4	1998	4	11.72	40.4
20	4	1998	4	10.99	1.85
21	4	1998	4	9.49	8.33
22	4	1998	4	8.26	14.16
23	4	1998	4	8.94	4.47
24	4	1998	4	9.91	0.02
25	4	1998	4	11.71	0.02
26	4	1998	4	14.45	0.14
27	4	1998	4	14.04	5.38
28	4	1998	4	10.89	0.67
29	4	1998	4	12.83	0.56
30	4	1998	4	12.69	27.63
1	5	1998	5	14.01	14.85
2	5	1998	5	12.62	1.17
3	5	1998	5	12.51	5.01
4	5	1998	5	12.76	0.94
5	5	1998	5	12.63	0.74
6	5	1998	5	13.63	4.68
7	5	1998	5	14.90	11.46
8	5	1998	5	16.09	0.79
9	5	1998	5	16.91	0.06
10	5	1998	5	16.01	16.56
11	5	1998	5	16.14	0.12
12	5	1998	5	14.79	0
13	5	1998	5	16.86	0.02
14	5	1998	5	19.60	0.01
15	5	1998	5	21.22	0
16	5	1998	5	21.35	0
17	5	1998	5	21.36	0.02
18	5	1998	5	19.40	0.02
19	5	1998	5	19.93	0
20	5	1998	5	21.11	0
21	5	1998	5	21.60	0.09
22	5	1998	5	21.55	0.12
23	5	1998	5	21.21	0.05
24	5	1998	5	21.76	0
25	5	1998	5	21.56	0.87
26	5	1998	5	21.66	2.15
27	5	1998	5	21.22	2.72
28	5	1998	5	21.11	4.31
29	5	1998	5	21.50	2.97
30	5	1998	5	21.89	0.93
31	5	1998	5	21.59	0.47
1	6	1998	6	21.85	7.41
2	6	1998	6	21.11	10.19
3	6	1998	6	22.59	1.83
4	6	1998	6	22.36	18.8
5	6	1998	6	20.89	16.22
6	6	1998	6	17.40	4.16
7	6	1998	6	13.03	0.14
8	6	1998	6	13.46	1.57
9	6	1998	6	14.42	11.16
10	6	1998	6	18.48	7.37
11	6	1998	6	21.34	0.27
12	6	1998	6	22.03	0.09
13	6	1998	6	21.91	0.62
14	6	1998	6	19.91	0.46
15	6	1998	6	21.87	4.2
16	6	1998	6	22.18	3.5
17	6	1998	6	20.33	0
18	6	1998	6	20.61	0.13
19	6	1998	6	20.64	5.25
20	6	1998	6	21.13	0.29
21	6	1998	6	21.39	5.67
22	6	1998	6	22.81	7.25
23	6	1998	6	22.68	2.3
24	6	1998	6	23.54	2.96
25	6	1998	6	23.07	4.61
26	6	1998	6	23.81	0.37
27	6	1998	6	24.45	0
28	6	1998	6	24.39	1.16
29	6	1998	6	24.46	3.25
30	6	1998	6	24.04	2.44
1	7	1998	7	22.07	0.22
2	7	1998	7	21.09	0.43
3	7	1998	7	21.87	0.86
4	7	1998	7	22.06	6.2
5	7	1998	7	22.69	0.17
6	7	1998	7	22.82	0.87
7	7	1998	7	22.73	0.46
8	7	1998	7	23.08	2.03
9	7	1998	7	23.83	0.87
10	7	1998	7	23.29	0.03
11	7	1998	7	22.18	0.38
12	7	1998	7	21.85	0.23
13	7	1998	7	22.20	7.47
14	7	1998	7	21.31	0.05
15	7	1998	7	21.29	0.11
16	7	1998	7	22.96	2.17
17	7	1998	7	23.90	1.69
18	7	1998	7	23.05	0.84
19	7	1998	7	23.59	6.21
20	7	1998	7	23.74	4.12
21	7	1998	7	23.80	2.92
22	7	1998	7	23.76	4.95
23	7	1998	7	23.41	5.4
24	7	1998	7	22.41	7.76
25	7	1998	7	22.04	2.64
26	7	1998	7	21.66	0.21
27	7	1998	7	21.69	3.82
28	7	1998	7	23.12	1.03
29	7	1998	7	22.72	0.09
30	7	1998	7	22.18	0.42
31	7	1998	7	21.63	1.78
1	8	1998	8	20.94	0.03
2	8	1998	8	19.59	0.02
3	8	1998	8	18.36	0
4	8	1998	8	18.95	0.02
5	8	1998	8	19.96	0
6	8	1998	8	20.64	0.81
7	8	1998	8	20.33	1.28
8	8	1998	8	21.66	5.36
9	8	1998	8	22.48	6.08
10	8	1998	8	22.76	1.52
11	8	1998	8	22.46	1.43
12	8	1998	8	22.32	2.3
13	8	1998	8	22.04	12.16
14	8	1998	8	21.39	7.98
15	8	1998	8	21.44	14.68
16	8	1998	8	22.30	4.4
17	8	1998	8	22.57	0.3
18	8	1998	8	22.04	0.85
19	8	1998	8	21.95	4.93
20	8	1998	8	21.31	0.28
21	8	1998	8	20.33	0
22	8	1998	8	21.39	0
23	8	1998	8	22.70	0.19
24	8	1998	8	23.29	0.16
25	8	1998	8	23.61	0.02
26	8	1998	8	23.90	0.12
27	8	1998	8	24.16	0
28	8	1998	8	23.72	0.01
29	8	1998	8	23.99	0.28
30	8	1998	8	23.93	2.29
31	8	1998	8	23.25	1.04
1	9	1998	9	21.87	0.76
2	9	1998	9	21.32	1.72
3	9	1998	9	18.86	3.12
4	9	1998	9	21.84	0.08
5	9	1998	9	22.56	0.07
6	9	1998	9	22.68	2.31
7	9	1998	9	22.61	0.62
8	9	1998	9	20.05	5.01
9	9	1998	9	14.83	0.07
10	9	1998	9	14.45	0.04
11	9	1998	9	16.52	0.06
12	9	1998	9	19.55	0.21
13	9	1998	9	21.41	0
14	9	1998	9	21.38	0
15	9	1998	9	21.24	0.01
16	9	1998	9	21.75	0.01
17	9	1998	9	21.94	0.19
18	9	1998	9	21.64	0.06
19	9	1998	9	21.83	1.01
20	9	1998	9	21.26	0.01
21	9	1998	9	20.79	26.92
22	9	1998	9	21.58	0.28
23	9	1998	9	19.67	0.01
24	9	1998	9	18.14	0
25	9	1998	9	18.76	0
26	9	1998	9	20.29	0
27	9	1998	9	20.46	0.05
28	9	1998	9	20.91	6.74
29	9	1998	9	19.68	6.44
30	9	1998	9	20.19	2.61
1	10	1998	10	19.89	0.09
2	10	1998	10	15.06	0.07
3	10	1998	10	15.14	0.61
4	10	1998	10	17.76	16.16
5	10	1998	10	19.18	10.87
6	10	1998	10	17.78	2.77
7	10	1998	10	17.15	47.85
8	10	1998	10	16.50	7.11
9	10	1998	10	12.71	1.83
10	10	1998	10	12.77	0.81
11	10	1998	10	14.28	0
12	10	1998	10	14.89	0
13	10	1998	10	14.59	0
14	10	1998	10	12.95	0
15	10	1998	10	12.11	0
16	10	1998	10	13.17	0
17	10	1998	10	14.02	0
18	10	1998	10	14.17	0.01
19	10	1998	10	14.74	0.6
20	10	1998	10	14.85	0.04
21	10	1998	10	12.30	0.02
22	10	1998	10	8.18	0.01
23	10	1998	10	6.89	0
24	10	1998	10	9.48	0
25	10	1998	10	10.84	0
26	10	1998	10	12.15	0
27	10	1998	10	12.86	0
28	10	1998	10	13.26	0
29	10	1998	10	14.57	0
30	10	1998	10	14.92	0
31	10	1998	10	14.79	0
1	11	1998	11	13.35	1.2
2	11	1998	11	12.81	6.01
3	11	1998	11	13.76	4.72
4	11	1998	11	10.59	0.14
5	11	1998	11	6.30	0.66
6	11	1998	11	4.14	0.06
7	11	1998	11	3.19	0.16
8	11	1998	11	4.44	1.75
9	11	1998	11	8.83	10.2
10	11	1998	11	12.12	16.31
11	11	1998	11	11.10	9.18
12	11	1998	11	7.03	0.18
13	11	1998	11	7.78	0.06
14	11	1998	11	9.71	15.03
15	11	1998	11	11.75	2.2
16	11	1998	11	8.80	10.85
17	11	1998	11	10.55	0.01
18	11	1998	11	7.86	0
19	11	1998	11	8.94	0.02
20	11	1998	11	9.81	0.8
21	11	1998	11	5.37	0
22	11	1998	11	4.70	0.01
23	11	1998	11	7.45	0.1
24	11	1998	11	10.51	1.24
25	11	1998	11	9.38	3.01
26	11	1998	11	9.11	0.03
27	11	1998	11	9.27	0
28	11	1998	11	9.69	0
29	11	1998	11	10.11	0
30	11	1998	11	9.93	0.04
1	12	1998	12	10.89	0.05
2	12	1998	12	9.44	0
3	12	1998	12	9.93	0.01
4	12	1998	12	10.99	0.07
5	12	1998	12	11.91	0.27
6	12	1998	12	14.53	0.18
7	12	1998	12	15.68	0.4
8	12	1998	12	16.38	17.14
9	12	1998	12	9.01	0.09
10	12	1998	12	4.93	0.1
11	12	1998	12	5.07	0.13
12	12	1998	12	6.32	15.83
13	12	1998	12	7.20	17.85
14	12	1998	12	6.44	0.11
15	12	1998	12	2.39	0.35
16	12	1998	12	5.03	0.46
17	12	1998	12	2.12	0.65
18	12	1998	12	0.55	0.74
19	12	1998	12	1.84	6.07
20	12	1998	12	7.68	0.05
21	12	1998	12	10.36	0.7
22	12	1998	12	8.90	8.32
23	12	1998	12	0.46	7.7
24	12	1998	12	0.11	25.76
25	12	1998	12	-0.59	0.61
26	12	1998	12	0.34	0.26
27	12	1998	12	0.77	0.3
28	12	1998	12	1.01	3.46
29	12	1998	12	2.16	0.27
30	12	1998	12	-1.28	0.88
31	12	1998	12	-0.09	0.1
1	1	1999	1	1.02	0.13
2	1	1999	1	-0.91	44.74
3	1	1999	1	-1.67	0.57
4	1	1999	1	-7.37	0.61
5	1	1999	1	-8.54	0.05
6	1	1999	1	-5.89	0.78
7	1	1999	1	0.43	1.82
8	1	1999	1	5.00	7.51
9	1	1999	1	4.90	3.22
10	1	1999	1	-2.41	0
11	1	1999	1	0.07	0.02
12	1	1999	1	2.88	0.05
13	1	1999	1	5.36	0.26
14	1	1999	1	7.14	18.17
15	1	1999	1	4.17	3.49
16	1	1999	1	3.91	2.31
17	1	1999	1	4.22	12.32
18	1	1999	1	6.27	7.09
19	1	1999	1	5.78	0
20	1	1999	1	6.85	0.55
21	1	1999	1	8.38	0.67
22	1	1999	1	10.96	1.77
23	1	1999	1	13.61	45.97
24	1	1999	1	8.69	2.72
25	1	1999	1	6.48	0.71
26	1	1999	1	6.55	0
27	1	1999	1	9.44	0
28	1	1999	1	11.11	0.68
29	1	1999	1	11.19	6.43
30	1	1999	1	8.22	11.07
31	1	1999	1	2.97	7.36
1	2	1999	2	1.15	22.65
2	2	1999	2	6.42	0.07
3	2	1999	2	6.91	0.01
4	2	1999	2	7.37	0.51
5	2	1999	2	7.13	0.02
6	2	1999	2	6.49	0.29
7	2	1999	2	9.81	0.22
8	2	1999	2	11.19	1.25
9	2	1999	2	9.16	11.92
10	2	1999	2	10.21	1.6
11	2	1999	2	11.61	0.68
12	2	1999	2	10.76	0.46
13	2	1999	2	-0.68	0.2
14	2	1999	2	-1.58	0.02
15	2	1999	2	2.41	0
16	2	1999	2	5.31	0.03
17	2	1999	2	5.44	23.52
18	2	1999	2	7.67	6.57
19	2	1999	2	4.27	20.47
20	2	1999	2	3.17	0.38
21	2	1999	2	-0.48	0.12
22	2	1999	2	-3.14	0.05
23	2	1999	2	-3.44	0.67
24	2	1999	2	-0.66	0.29
25	2	1999	2	1.94	0.45
26	2	1999	2	4.24	0.41
27	2	1999	2	6.22	4.24
28	2	1999	2	7.48	11.25
1	3	1999	3	5.18	0.5
2	3	1999	3	6.73	0.24
3	3	1999	3	4.89	11.26
4	3	1999	3	0.16	0.03
5	3	1999	3	2.51	0.03
6	3	1999	3	5.73	4.07
7	3	1999	3	3.19	0.85
8	3	1999	3	-0.38	0.11
9	3	1999	3	-0.88	11.84
10	3	1999	3	1.42	0.18
11	3	1999	3	2.06	0.04
12	3	1999	3	2.98	1.49
13	3	1999	3	1.14	8.23
14	3	1999	3	1.94	14.9
15	3	1999	3	2.94	4.58
16	3	1999	3	6.02	0.16
17	3	1999	3	9.62	0
18	3	1999	3	11.43	0
19	3	1999	3	10.42	0.54
20	3	1999	3	8.98	0.9
21	3	1999	3	8.74	9.06
22	3	1999	3	6.32	0.02
23	3	1999	3	8.19	0.32
24	3	1999	3	10.69	1.34
25	3	1999	3	8.54	0.58
26	3	1999	3	4.01	14.61
27	3	1999	3	3.79	1.28
28	3	1999	3	5.74	0.42
29	3	1999	3	7.54	1.51
30	3	1999	3	8.66	4.17
31	3	1999	3	8.05	17.72
1	4	1999	4	12.74	23.6
2	4	1999	4	14.93	0.08
3	4	1999	4	16.57	0
4	4	1999	4	19.18	0
5	4	1999	4	17.77	0.11
6	4	1999	4	15.41	0.6
7	4	1999	4	15.91	0.53
8	4	1999	4	15.38	4.4
9	4	1999	4	17.86	0.07
10	4	1999	4	18.42	0
11	4	1999	4	19.35	0.19
12	4	1999	4	14.08	0.02
13	4	1999	4	9.67	0.17
14	4	1999	4	9.71	0.07
15	4	1999	4	10.93	11.4
16	4	1999	4	10.10	0.06
17	4	1999	4	7.82	0.01
18	4	1999	4	7.21	0.19
19	4	1999	4	8.33	0.7
20	4	1999	4	11.78	1.5
21	4	1999	4	14.93	0
22	4	1999	4	16.54	0
23	4	1999	4	17.67	0.67
24	4	1999	4	17.82	0.19
25	4	1999	4	14.32	0.6
26	4	1999	4	14.37	3.48
27	4	1999	4	16.82	10.36
28	4	1999	4	13.34	1.18
29	4	1999	4	7.08	13.66
30	4	1999	4	8.34	12.42
1	5	1999	5	11.29	0
2	5	1999	5	12.10	0.17
3	5	1999	5	12.99	0.07
4	5	1999	5	14.51	2.89
5	5	1999	5	14.90	5.26
6	5	1999	5	16.20	22.02
7	5	1999	5	16.33	21.54
8	5	1999	5	15.89	0.07
9	5	1999	5	15.48	0.01
10	5	1999	5	16.42	0.04
11	5	1999	5	17.10	0.07
12	5	1999	5	16.21	0.93
13	5	1999	5	16.34	6.24
14	5	1999	5	15.07	4.13
15	5	1999	5	14.96	0
16	5	1999	5	15.71	0.29
17	5	1999	5	17.21	0.14
18	5	1999	5	18.01	10.92
19	5	1999	5	16.87	0.02
20	5	1999	5	15.26	0
21	5	1999	5	16.40	0.04
22	5	1999	5	18.07	0.61
23	5	1999	5	19.39	0.22
24	5	1999	5	17.99	1.44
25	5	1999	5	15.56	0.04
26	5	1999	5	15.65	1.17
27	5	1999	5	14.48	0.01
28	5	1999	5	15.14	0.01
29	5	1999	5	17.22	0.02
30	5	1999	5	17.93	0
31	5	1999	5	17.38	0
1	6	1999	6	17.92	1.4
2	6	1999	6	19.83	7.87
3	6	1999	6	20.35	2.14
4	6	1999	6	19.61	0.09
5	6	1999	6	19.35	0.61
6	6	1999	6	20.01	0.46
7	6	1999	6	20.64	0
8	6	1999	6	21.61	0
9	6	1999	6	22.14	1.57
10	6	1999	6	21.63	3.95
11	6	1999	6	20.78	0.37
12	6	1999	6	21.01	0.01
13	6	1999	6	19.70	0.23
14	6	1999	6	19.52	0.65
15	6	1999	6	19.22	11.07
16	6	1999	6	16.97	29.49
17	6	1999	6	17.69	2.35
18	6	1999	6	16.19	0.03
19	6	1999	6	15.58	0
20	6	1999	6	16.77	0
21	6	1999	6	18.69	0.18
22	6	1999	6	19.59	0.15
23	6	1999	6	20.19	4.65
24	6	1999	6	18.29	19.43
25	6	1999	6	19.69	17.88
26	6	1999	6	21.73	4.94
27	6	1999	6	21.90	5.64
28	6	1999	6	23.06	3.82
29	6	1999	6	22.57	14.38
30	6	1999	6	22.19	0.95
1	7	1999	7	22.49	1.37
2	7	1999	7	22.27	8.78
3	7	1999	7	22.98	6.99
4	7	1999	7	23.21	1.14
5	7	1999	7	24.12	4.18
6	7	1999	7	24.34	10.24
7	7	1999	7	22.31	7.01
8	7	1999	7	22.84	3.17
9	7	1999	7	23.26	2.46
10	7	1999	7	21.74	11.6
11	7	1999	7	18.85	20.35
12	7	1999	7	15.67	12.39
13	7	1999	7	16.66	0.37
14	7	1999	7	19.33	0.19
15	7	1999	7	20.79	0.08
16	7	1999	7	21.82	0.12
17	7	1999	7	21.56	0.33
18	7	1999	7	22.19	5.96
19	7	1999	7	22.56	0.24
20	7	1999	7	23.05	4.04
21	7	1999	7	23.98	1.26
22	7	1999	7	24.77	1.24
23	7	1999	7	25.55	2.08
24	7	1999	7	24.86	7.32
25	7	1999	7	24.05	0.03
26	7	1999	7	23.36	0.21
27	7	1999	7	24.03	4.95
28	7	1999	7	24.17	0.11
29	7	1999	7	24.37	0.15
30	7	1999	7	25.05	0
31	7	1999	7	26.30	0.94
1	8	1999	8	25.23	2.62
2	8	1999	8	24.40	0.02
3	8	1999	8	22.02	0
4	8	1999	8	21.71	0
5	8	1999	8	22.36	0
6	8	1999	8	22.61	0.17
7	8	1999	8	22.93	0.75
8	8	1999	8	22.24	7.23
9	8	1999	8	22.55	0.15
10	8	1999	8	22.94	0.08
11	8	1999	8	23.28	0
12	8	1999	8	23.67	0.14
13	8	1999	8	24.35	3.4
14	8	1999	8	24.53	0.77
15	8	1999	8	23.26	0.03
16	8	1999	8	23.15	0.05
17	8	1999	8	24.28	0.03
18	8	1999	8	24.08	0.02
19	8	1999	8	23.56	0.03
20	8	1999	8	22.34	4.66
21	8	1999	8	20.81	0.03
22	8	1999	8	19.90	1.43
23	8	1999	8	19.75	18.05
24	8	1999	8	19.58	30.23
25	8	1999	8	21.71	0.59
26	8	1999	8	22.58	1.38
27	8	1999	8	20.63	1.16
28	8	1999	8	21.53	0.28
29	8	1999	8	21.65	0
30	8	1999	8	21.06	0
31	8	1999	8	17.99	0
1	9	1999	9	17.98	0
2	9	1999	9	19.81	0.06
3	9	1999	9	20.90	0.01
4	9	1999	9	20.29	0.09
5	9	1999	9	19.04	1.27
6	9	1999	9	22.17	0.11
7	9	1999	9	22.43	0.02
8	9	1999	9	22.03	0.15
9	9	1999	9	20.37	0.19
10	9	1999	9	19.40	0.04
11	9	1999	9	17.36	0.03
12	9	1999	9	18.58	0.01
13	9	1999	9	18.41	0.01
14	9	1999	9	18.74	0
15	9	1999	9	18.72	0.04
16	9	1999	9	17.56	0
17	9	1999	9	14.75	0
18	9	1999	9	14.10	0
19	9	1999	9	15.66	0.02
20	9	1999	9	16.96	0.99
21	9	1999	9	16.35	6.22
22	9	1999	9	13.13	0
23	9	1999	9	11.81	0
24	9	1999	9	13.43	0.01
25	9	1999	9	15.12	0.12
26	9	1999	9	16.00	0.24
27	9	1999	9	17.03	27.53
28	9	1999	9	19.85	19.91
29	9	1999	9	19.39	7.71
30	9	1999	9	12.82	0.06
1	10	1999	10	12.24	0
2	10	1999	10	13.30	0.11
3	10	1999	10	14.33	0.09
4	10	1999	10	15.37	27.93
5	10	1999	10	14.58	2.17
6	10	1999	10	13.81	0.63
7	10	1999	10	12.79	0
8	10	1999	10	12.61	1.68
9	10	1999	10	14.63	8.46
10	10	1999	10	16.88	37
11	10	1999	10	17.78	0.97
12	10	1999	10	15.26	2.86
13	10	1999	10	15.21	2.82
14	10	1999	10	15.53	0.02
15	10	1999	10	14.38	0.01
16	10	1999	10	14.90	0
17	10	1999	10	15.93	0.1
18	10	1999	10	13.21	0.55
19	10	1999	10	10.99	0.42
20	10	1999	10	9.92	19.82
21	10	1999	10	8.55	0.21
22	10	1999	10	9.78	0.11
23	10	1999	10	6.36	0
24	10	1999	10	5.74	0
25	10	1999	10	6.40	0
26	10	1999	10	8.16	0
27	10	1999	10	10.29	0
28	10	1999	10	11.09	0.01
29	10	1999	10	12.03	0
30	10	1999	10	12.00	0.03
31	10	1999	10	13.85	0.78
1	11	1999	11	12.90	24.78
2	11	1999	11	11.36	26.58
3	11	1999	11	3.67	0.64
4	11	1999	11	4.54	0.01
5	11	1999	11	7.76	0.01
6	11	1999	11	9.86	0
7	11	1999	11	12.88	0
8	11	1999	11	14.07	0
9	11	1999	11	13.69	0
10	11	1999	11	13.04	0.13
11	11	1999	11	12.63	3.28
12	11	1999	11	11.66	0.09
13	11	1999	11	11.72	0.01
14	11	1999	11	12.67	0
15	11	1999	11	8.84	0
16	11	1999	11	5.51	0
17	11	1999	11	4.56	0
18	11	1999	11	5.34	0.01
19	11	1999	11	7.01	0.02
20	11	1999	11	9.83	5.64
21	11	1999	11	13.05	2.54
22	11	1999	11	13.32	0.07
23	11	1999	11	12.85	0.46
24	11	1999	11	14.02	4.69
25	11	1999	11	13.20	55.75
26	11	1999	11	11.74	13.73
27	11	1999	11	7.66	0
28	11	1999	11	8.11	0
29	11	1999	11	6.81	0
30	11	1999	11	0.56	0
1	12	1999	12	-0.42	0.02
2	12	1999	12	2.63	0
3	12	1999	12	5.76	0
4	12	1999	12	8.71	0.3
5	12	1999	12	9.27	5.8
6	12	1999	12	6.49	2.66
7	12	1999	12	3.82	0
8	12	1999	12	5.59	0.03
9	12	1999	12	5.49	0.03
10	12	1999	12	9.61	9.35
11	12	1999	12	6.58	0.09
12	12	1999	12	6.33	0.09
13	12	1999	12	8.74	34.51
14	12	1999	12	9.05	2.12
15	12	1999	12	5.25	0.36
16	12	1999	12	3.21	0
17	12	1999	12	2.78	0
18	12	1999	12	3.83	0
19	12	1999	12	4.74	1.36
20	12	1999	12	8.09	3.91
21	12	1999	12	5.56	9.06
22	12	1999	12	3.80	0.01
23	12	1999	12	1.63	0.04
24	12	1999	12	-1.64	0.22
25	12	1999	12	-3.94	0.1
26	12	1999	12	0.74	0
27	12	1999	12	1.41	0
28	12	1999	12	0.32	0
29	12	1999	12	2.21	0.01
30	12	1999	12	3.28	0.01
31	12	1999	12	6.01	0.01
1	1	2000	1	8.17	0.04
2	1	2000	1	11.01	0.07
3	1	2000	1	11.77	0.36
4	1	2000	1	11.69	8.44
5	1	2000	1	1.65	0.04
6	1	2000	1	0.27	0.02
7	1	2000	1	2.11	0.08
8	1	2000	1	2.04	0.49
9	1	2000	1	4.17	16.2
10	1	2000	1	8.46	32.16
11	1	2000	1	8.65	0.86
12	1	2000	1	7.63	0.02
13	1	2000	1	7.70	1.94
14	1	2000	1	0.49	0
15	1	2000	1	-0.32	0.01
16	1	2000	1	1.79	1.75
17	1	2000	1	4.59	1.31
18	1	2000	1	1.90	11.95
19	1	2000	1	1.53	4.37
20	1	2000	1	0.23	1.3
21	1	2000	1	-5.27	0.97
22	1	2000	1	-5.61	7.86
23	1	2000	1	-2.43	2.7
24	1	2000	1	-1.30	0.22
25	1	2000	1	-4.68	0.15
26	1	2000	1	-6.33	0.27
27	1	2000	1	-6.94	0.05
28	1	2000	1	-4.27	0.47
29	1	2000	1	-3.25	11.12
30	1	2000	1	-1.09	4
31	1	2000	1	-3.46	0.54
1	2	2000	2	-2.98	0.02
2	2	2000	2	-1.56	0
3	2	2000	2	0.33	0.01
4	2	2000	2	-0.37	0.2
5	2	2000	2	-1.00	0.3
6	2	2000	2	0.98	0.09
7	2	2000	2	2.93	0
8	2	2000	2	3.21	0
9	2	2000	2	3.99	0
10	2	2000	2	6.21	2.34
11	2	2000	2	8.88	1.67
12	2	2000	2	6.90	28.72
13	2	2000	2	4.93	10.04
14	2	2000	2	7.51	15.36
15	2	2000	2	6.88	0.18
16	2	2000	2	9.56	0.23
17	2	2000	2	8.25	0.14
18	2	2000	2	8.02	4.12
19	2	2000	2	7.98	1.48
20	2	2000	2	3.49	0
21	2	2000	2	3.77	0.04
22	2	2000	2	3.85	0.25
23	2	2000	2	7.63	0
24	2	2000	2	9.72	0
25	2	2000	2	12.12	0
26	2	2000	2	11.91	1.95
27	2	2000	2	9.96	8.48
28	2	2000	2	7.69	0.05
29	2	2000	2	7.39	0
1	3	2000	3	9.48	0.02
2	3	2000	3	9.04	0
3	3	2000	3	8.41	0.17
4	3	2000	3	8.63	1.77
5	3	2000	3	8.78	0.05
6	3	2000	3	10.11	0.01
7	3	2000	3	11.99	0.04
8	3	2000	3	14.08	0
9	3	2000	3	13.93	1.67
10	3	2000	3	13.96	1.15
11	3	2000	3	11.89	33.59
12	3	2000	3	3.16	1.86
13	3	2000	3	2.31	0
14	3	2000	3	5.39	0.01
15	3	2000	3	8.63	0.25
16	3	2000	3	10.54	24.32
17	3	2000	3	8.87	1.39
18	3	2000	3	3.81	0.01
19	3	2000	3	4.83	18.5
20	3	2000	3	8.24	39.59
21	3	2000	3	10.27	0.09
22	3	2000	3	10.32	0
23	3	2000	3	10.65	0
24	3	2000	3	12.01	0
25	3	2000	3	13.59	0.15
26	3	2000	3	13.28	0.17
27	3	2000	3	9.52	4.25
28	3	2000	3	8.28	0.33
29	3	2000	3	6.54	0.8
30	3	2000	3	10.00	1.56
31	3	2000	3	12.59	0.18
1	4	2000	4	12.10	0.79
2	4	2000	4	13.00	19.83
3	4	2000	4	14.35	50.99
4	4	2000	4	9.82	3.49
5	4	2000	4	6.38	0.05
6	4	2000	4	11.34	0.06
7	4	2000	4	14.26	0.01
8	4	2000	4	10.18	1.84
9	4	2000	4	6.21	0.03
10	4	2000	4	8.57	0
11	4	2000	4	11.14	0.61
12	4	2000	4	12.47	0.38
13	4	2000	4	8.19	15.93
14	4	2000	4	7.78	12.5
15	4	2000	4	11.49	9.15
16	4	2000	4	15.35	2.53
17	4	2000	4	15.24	2.26
18	4	2000	4	12.04	0.16
19	4	2000	4	14.51	0.13
20	4	2000	4	15.38	0.08
21	4	2000	4	12.49	1.93
22	4	2000	4	8.06	0.16
23	4	2000	4	9.60	0
24	4	2000	4	9.05	13.5
25	4	2000	4	9.38	6.35
26	4	2000	4	10.43	1.1
27	4	2000	4	9.63	0.07
28	4	2000	4	9.68	19.57
29	4	2000	4	11.43	0.08
30	4	2000	4	12.77	0.02
1	5	2000	5	14.09	0.27
2	5	2000	5	16.05	4.95
3	5	2000	5	16.35	0.41
4	5	2000	5	16.49	15.35
5	5	2000	5	17.12	0
6	5	2000	5	18.55	0.23
7	5	2000	5	18.90	0.05
8	5	2000	5	18.82	0
9	5	2000	5	19.29	0
10	5	2000	5	19.25	0.67
11	5	2000	5	16.76	0.08
12	5	2000	5	19.88	0.07
13	5	2000	5	21.86	0.61
14	5	2000	5	18.02	0
15	5	2000	5	14.22	0
16	5	2000	5	12.88	0
17	5	2000	5	15.55	0
18	5	2000	5	19.37	0
19	5	2000	5	21.86	0.15
20	5	2000	5	21.02	11.15
21	5	2000	5	19.77	10.23
22	5	2000	5	18.15	0.09
23	5	2000	5	17.29	8.51
24	5	2000	5	19.13	15.03
25	5	2000	5	20.61	6.75
26	5	2000	5	19.02	0.11
27	5	2000	5	21.03	0.83
28	5	2000	5	20.66	1.75
29	5	2000	5	16.78	0.08
30	5	2000	5	16.78	0.03
31	5	2000	5	17.84	0
1	6	2000	6	20.15	0
2	6	2000	6	21.65	0.89
3	6	2000	6	21.50	9.78
4	6	2000	6	19.28	0.48
5	6	2000	6	18.54	7.92
6	6	2000	6	15.25	0.16
7	6	2000	6	14.34	0.03
8	6	2000	6	15.69	0
9	6	2000	6	18.36	0
10	6	2000	6	20.01	0
11	6	2000	6	21.16	0
12	6	2000	6	22.18	0.52
13	6	2000	6	22.37	2.37
14	6	2000	6	23.45	0.74
15	6	2000	6	23.21	7.45
16	6	2000	6	21.84	4.11
17	6	2000	6	22.14	3.72
18	6	2000	6	22.43	5.33
19	6	2000	6	21.76	4.81
20	6	2000	6	21.63	9.77
21	6	2000	6	22.53	1.08
22	6	2000	6	21.59	4.92
23	6	2000	6	20.51	0.05
24	6	2000	6	21.57	0.67
25	6	2000	6	21.80	7.78
26	6	2000	6	22.43	2.87
27	6	2000	6	21.76	7.82
28	6	2000	6	21.61	13.02
29	6	2000	6	19.69	9.3
30	6	2000	6	18.66	0.07
1	7	2000	7	19.55	0.84
2	7	2000	7	20.32	0
3	7	2000	7	21.48	0.52
4	7	2000	7	22.83	0.53
5	7	2000	7	22.86	1.89
6	7	2000	7	23.85	1.63
7	7	2000	7	23.20	0.09
8	7	2000	7	22.36	0
9	7	2000	7	23.27	0
10	7	2000	7	24.62	0.04
11	7	2000	7	24.15	3.35
12	7	2000	7	23.02	7.89
13	7	2000	7	22.63	5.64
14	7	2000	7	22.28	5.28
15	7	2000	7	20.94	1.64
16	7	2000	7	20.76	0.03
17	7	2000	7	20.37	0.01
18	7	2000	7	21.25	0.71
19	7	2000	7	22.42	3.86
20	7	2000	7	22.73	1.04
21	7	2000	7	22.59	2.31
22	7	2000	7	21.90	4.83
23	7	2000	7	20.13	13.24
24	7	2000	7	19.55	21.64
25	7	2000	7	18.00	7.67
26	7	2000	7	20.09	4.1
27	7	2000	7	21.25	1.79
28	7	2000	7	21.43	6.18
29	7	2000	7	21.14	1.79
30	7	2000	7	21.49	12.83
31	7	2000	7	21.31	11.74
1	8	2000	8	21.59	16.77
2	8	2000	8	20.89	7.06
3	8	2000	8	21.33	8.11
4	8	2000	8	21.01	4.16
5	8	2000	8	21.33	0.08
6	8	2000	8	22.25	1.85
7	8	2000	8	23.62	8.43
8	8	2000	8	23.79	2.95
9	8	2000	8	24.39	1.17
10	8	2000	8	23.56	2.28
11	8	2000	8	21.99	0.02
12	8	2000	8	19.57	0.01
13	8	2000	8	18.08	0
14	8	2000	8	18.92	0
15	8	2000	8	19.99	0
16	8	2000	8	21.96	0
17	8	2000	8	22.88	0.22
18	8	2000	8	24.11	6.04
19	8	2000	8	22.14	2.89
20	8	2000	8	19.24	12.12
21	8	2000	8	17.26	3.59
22	8	2000	8	18.41	0.12
23	8	2000	8	19.49	0.37
24	8	2000	8	21.23	2.31
25	8	2000	8	21.31	0.12
26	8	2000	8	20.88	0.04
27	8	2000	8	20.42	2.66
28	8	2000	8	21.21	0.03
29	8	2000	8	20.72	0.53
30	8	2000	8	20.56	0.49
31	8	2000	8	20.44	9.88
1	9	2000	9	20.91	7.68
2	9	2000	9	21.18	15.69
3	9	2000	9	21.72	3.83
4	9	2000	9	21.90	4.18
5	9	2000	9	19.31	2
6	9	2000	9	15.29	0.29
7	9	2000	9	16.24	2.17
8	9	2000	9	18.79	0.24
9	9	2000	9	20.76	0.18
10	9	2000	9	20.56	0.08
11	9	2000	9	20.19	0
12	9	2000	9	20.71	1.37
13	9	2000	9	21.35	3.87
14	9	2000	9	21.64	1.71
15	9	2000	9	17.58	0.01
16	9	2000	9	12.49	0.01
17	9	2000	9	11.40	0.12
18	9	2000	9	12.70	2.36
19	9	2000	9	16.82	4.03
20	9	2000	9	18.24	0.52
21	9	2000	9	18.84	26.56
22	9	2000	9	17.62	12.01
23	9	2000	9	19.28	11.55
24	9	2000	9	20.76	3.45
25	9	2000	9	19.64	9.73
26	9	2000	9	12.37	0.23
27	9	2000	9	11.04	0.06
28	9	2000	9	12.15	0
29	9	2000	9	12.14	0
30	9	2000	9	13.53	0
1	10	2000	10	15.24	0
2	10	2000	10	15.72	0
3	10	2000	10	17.71	0
4	10	2000	10	18.42	0
5	10	2000	10	18.06	0
6	10	2000	10	16.40	0.04
7	10	2000	10	10.97	0
8	10	2000	10	5.09	0.02
9	10	2000	10	3.96	0.02
10	10	2000	10	6.22	0
11	10	2000	10	8.67	0
12	10	2000	10	10.21	0
13	10	2000	10	11.71	0
14	10	2000	10	12.52	0
15	10	2000	10	12.67	0
16	10	2000	10	13.83	0
17	10	2000	10	14.39	0
18	10	2000	10	14.94	0.01
19	10	2000	10	13.51	0
20	10	2000	10	12.66	0.01
21	10	2000	10	15.23	0
22	10	2000	10	16.43	0.01
23	10	2000	10	15.94	0.01
24	10	2000	10	15.48	0.14
25	10	2000	10	15.18	0.75
26	10	2000	10	15.69	0.03
27	10	2000	10	15.42	0.01
28	10	2000	10	16.10	0.16
29	10	2000	10	13.11	0
30	10	2000	10	11.77	0
31	10	2000	10	11.61	0
1	11	2000	11	12.41	0.01
2	11	2000	11	13.67	0
3	11	2000	11	14.47	0.05
4	11	2000	11	13.06	4.54
5	11	2000	11	10.99	0.21
6	11	2000	11	9.20	0.52
7	11	2000	11	11.45	3.84
8	11	2000	11	15.74	5.87
9	11	2000	11	14.83	57.72
10	11	2000	11	8.63	0.75
11	11	2000	11	6.64	0.16
12	11	2000	11	7.16	0.06
13	11	2000	11	6.98	0.32
14	11	2000	11	5.98	0.19
15	11	2000	11	3.14	0.05
16	11	2000	11	2.23	5.82
17	11	2000	11	3.28	0.24
18	11	2000	11	-0.14	0.2
19	11	2000	11	-0.21	7.58
20	11	2000	11	0.73	0.52
21	11	2000	11	-1.96	0.05
22	11	2000	11	-1.27	0.43
23	11	2000	11	1.41	4.06
24	11	2000	11	3.67	8.64
25	11	2000	11	4.32	25.38
26	11	2000	11	5.80	1.2
27	11	2000	11	4.59	1.09
28	11	2000	11	4.78	0
29	11	2000	11	5.18	0.04
30	11	2000	11	3.22	0.01
1	12	2000	12	1.39	0.09
2	12	2000	12	0.68	0.36
3	12	2000	12	-0.89	4.79
4	12	2000	12	-1.76	0.2
5	12	2000	12	-1.03	0.21
6	12	2000	12	-2.45	0
7	12	2000	12	0.92	0.01
8	12	2000	12	3.36	0.01
9	12	2000	12	2.87	0.01
10	12	2000	12	2.81	0.37
11	12	2000	12	5.05	0.12
12	12	2000	12	3.01	0.21
13	12	2000	12	-0.45	8.76
14	12	2000	12	3.61	7.53
15	12	2000	12	4.99	3.18
16	12	2000	12	5.40	36.9
17	12	2000	12	1.22	1.29
18	12	2000	12	-2.34	0.35
19	12	2000	12	-3.66	9.49
20	12	2000	12	-6.85	0.19
21	12	2000	12	-5.39	0.15
22	12	2000	12	-5.10	0.12
23	12	2000	12	-5.58	0.01
24	12	2000	12	-1.85	0
25	12	2000	12	-3.28	0
26	12	2000	12	-3.24	0.08
27	12	2000	12	-0.96	0.52
28	12	2000	12	-0.23	0.04
29	12	2000	12	-3.04	0.01
30	12	2000	12	-6.71	1.39
31	12	2000	12	-7.04	1.49
1	1	2001	1	-6.24	0.34
2	1	2001	1	-5.93	0
3	1	2001	1	-6.10	0.01
4	1	2001	1	-4.19	0
5	1	2001	1	0.11	0
6	1	2001	1	1.64	0.1
7	1	2001	1	2.75	0.77
8	1	2001	1	1.37	7.64
9	1	2001	1	-2.60	0.1
10	1	2001	1	0.50	0.84
11	1	2001	1	0.23	0.89
12	1	2001	1	0.83	6.5
13	1	2001	1	3.67	0.29
14	1	2001	1	4.93	0.54
15	1	2001	1	7.53	0.22
16	1	2001	1	3.82	0.14
17	1	2001	1	3.40	7.6
18	1	2001	1	4.75	19.64
19	1	2001	1	7.09	28.61
20	1	2001	1	2.53	1.46
21	1	2001	1	-1.17	0
22	1	2001	1	0.26	1.53
23	1	2001	1	1.34	1.19
24	1	2001	1	2.22	0
25	1	2001	1	-0.88	0.01
26	1	2001	1	-1.46	0.01
27	1	2001	1	0.83	0.03
28	1	2001	1	2.13	1.47
29	1	2001	1	4.78	1.07
30	1	2001	1	6.87	11.85
31	1	2001	1	9.19	0.01
1	2	2001	2	4.88	0
2	2	2001	2	2.17	0
3	2	2001	2	0.38	0
4	2	2001	2	2.34	0
5	2	2001	2	2.19	0
6	2	2001	2	3.98	0
7	2	2001	2	6.19	0.02
8	2	2001	2	7.68	0.43
9	2	2001	2	8.26	0.46
10	2	2001	2	7.29	4.88
11	2	2001	2	2.67	1.59
12	2	2001	2	1.69	5.51
13	2	2001	2	5.05	7.96
14	2	2001	2	10.04	1
15	2	2001	2	12.86	7.52
16	2	2001	2	14.88	13.55
17	2	2001	2	4.86	1.21
18	2	2001	2	-0.08	0.11
19	2	2001	2	3.03	0.06
20	2	2001	2	6.32	0.2
21	2	2001	2	7.65	3.02
22	2	2001	2	4.16	12.62
23	2	2001	2	6.19	2.42
24	2	2001	2	5.65	1.72
25	2	2001	2	9.77	22.62
26	2	2001	2	9.88	1.19
27	2	2001	2	7.33	0.12
28	2	2001	2	7.22	0
1	3	2001	3	7.47	0.13
2	3	2001	3	9.24	2.18
3	3	2001	3	9.79	11.07
4	3	2001	3	9.84	3.22
5	3	2001	3	3.41	0.85
6	3	2001	3	-1.86	0.98
7	3	2001	3	-0.62	0.02
8	3	2001	3	2.89	0
9	3	2001	3	3.70	0.04
10	3	2001	3	3.60	0
11	3	2001	3	5.93	2.17
12	3	2001	3	6.51	15.08
13	3	2001	3	10.61	1.28
14	3	2001	3	11.01	0.26
15	3	2001	3	8.36	22.34
16	3	2001	3	8.82	0.13
17	3	2001	3	6.62	0
18	3	2001	3	5.48	0.12
19	3	2001	3	4.46	0.09
20	3	2001	3	1.74	40.15
21	3	2001	3	2.72	6.15
22	3	2001	3	6.45	0.01
23	3	2001	3	7.69	0.11
24	3	2001	3	7.51	0
25	3	2001	3	5.56	0
26	3	2001	3	1.93	0.01
27	3	2001	3	0.64	0.04
28	3	2001	3	2.08	0.19
29	3	2001	3	3.43	42.86
30	3	2001	3	8.67	1.17
31	3	2001	3	10.12	1.03
1	4	2001	4	6.84	2.77
2	4	2001	4	6.43	0.02
3	4	2001	4	7.91	7.49
4	4	2001	4	11.37	0.02
5	4	2001	4	11.11	0.05
6	4	2001	4	14.36	0.02
7	4	2001	4	17.47	0
8	4	2001	4	19.30	0.02
9	4	2001	4	19.56	0.08
10	4	2001	4	20.38	0.04
11	4	2001	4	19.94	0.09
12	4	2001	4	19.62	3.97
13	4	2001	4	17.48	7.99
14	4	2001	4	14.44	1.07
15	4	2001	4	14.43	6.49
16	4	2001	4	11.84	0.04
17	4	2001	4	5.49	0.81
18	4	2001	4	4.74	0.1
19	4	2001	4	6.29	0.02
20	4	2001	4	9.70	0
21	4	2001	4	14.41	0.03
22	4	2001	4	17.25	0.02
23	4	2001	4	17.63	0.66
24	4	2001	4	16.41	1.59
25	4	2001	4	12.63	4.99
26	4	2001	4	11.08	0
27	4	2001	4	12.34	0
28	4	2001	4	14.56	0.02
29	4	2001	4	14.48	0.85
30	4	2001	4	14.93	3.73
1	5	2001	5	15.57	1.4
2	5	2001	5	16.63	0.01
3	5	2001	5	16.61	0.01
4	5	2001	5	17.12	1.81
5	5	2001	5	17.96	0.67
6	5	2001	5	17.66	0.38
7	5	2001	5	15.34	0.18
8	5	2001	5	14.50	1.64
9	5	2001	5	15.78	0.39
10	5	2001	5	17.33	0.64
11	5	2001	5	17.93	4.53
12	5	2001	5	16.88	0.23
13	5	2001	5	14.79	0.06
14	5	2001	5	13.42	0
15	5	2001	5	16.53	0.01
16	5	2001	5	19.57	0.28
17	5	2001	5	20.27	3.45
18	5	2001	5	21.38	1.73
19	5	2001	5	20.02	13.7
20	5	2001	5	18.76	6.35
21	5	2001	5	19.92	6
22	5	2001	5	18.59	7.87
23	5	2001	5	13.33	0.81
24	5	2001	5	13.35	12.18
25	5	2001	5	14.19	12.27
26	5	2001	5	13.63	0.28
27	5	2001	5	15.18	1.28
28	5	2001	5	14.19	6.24
29	5	2001	5	17.69	1.11
30	5	2001	5	17.41	0.67
31	5	2001	5	16.36	2.54
1	6	2001	6	16.25	18.59
2	6	2001	6	16.64	0.77
3	6	2001	6	17.94	1.55
4	6	2001	6	19.69	1.22
5	6	2001	6	21.33	0.27
6	6	2001	6	21.45	5.67
7	6	2001	6	19.73	0.57
8	6	2001	6	20.35	11.19
9	6	2001	6	19.10	0.53
10	6	2001	6	19.56	2.29
11	6	2001	6	19.86	0.02
12	6	2001	6	20.48	0.07
13	6	2001	6	21.93	1.35
14	6	2001	6	21.86	5.24
15	6	2001	6	21.89	5.99
16	6	2001	6	21.43	0.85
17	6	2001	6	20.88	0.72
18	6	2001	6	20.22	0.02
19	6	2001	6	20.57	0.56
20	6	2001	6	20.99	2.22
21	6	2001	6	21.47	0.28
22	6	2001	6	20.54	18.68
23	6	2001	6	18.97	0.45
24	6	2001	6	18.05	0.04
25	6	2001	6	17.57	10.49
26	6	2001	6	18.20	9.48
27	6	2001	6	19.76	2.49
28	6	2001	6	20.86	2.4
29	6	2001	6	21.13	2.26
30	6	2001	6	21.01	12.27
1	7	2001	7	21.51	3.54
2	7	2001	7	21.74	2.53
3	7	2001	7	21.75	18.26
4	7	2001	7	22.01	10.8
5	7	2001	7	21.12	1.2
6	7	2001	7	21.09	0.11
7	7	2001	7	20.08	3.37
8	7	2001	7	21.65	7.38
9	7	2001	7	21.99	2.37
10	7	2001	7	23.19	0.23
11	7	2001	7	23.54	1.53
12	7	2001	7	22.04	0.31
13	7	2001	7	20.59	3.08
14	7	2001	7	18.13	0.01
15	7	2001	7	18.74	0
16	7	2001	7	19.93	0.91
17	7	2001	7	21.47	1.34
18	7	2001	7	21.75	1.58
19	7	2001	7	21.17	12.3
20	7	2001	7	20.48	6.11
21	7	2001	7	19.94	0.13
22	7	2001	7	20.31	0.14
23	7	2001	7	21.47	1.23
24	7	2001	7	21.96	12.37
25	7	2001	7	21.38	24.38
26	7	2001	7	22.41	10.28
27	7	2001	7	22.10	3.01
28	7	2001	7	20.11	0.84
29	7	2001	7	20.29	28.1
30	7	2001	7	22.44	2.88
31	7	2001	7	22.26	8.47
1	8	2001	8	21.96	1.87
2	8	2001	8	21.43	5.95
3	8	2001	8	21.14	8.53
4	8	2001	8	21.23	8.72
5	8	2001	8	22.22	2.57
6	8	2001	8	22.35	2.35
7	8	2001	8	23.10	1.75
8	8	2001	8	23.98	0.72
9	8	2001	8	24.31	0.77
10	8	2001	8	24.01	5.16
11	8	2001	8	23.72	2.41
12	8	2001	8	23.08	3.06
13	8	2001	8	22.45	12.59
14	8	2001	8	21.81	0.17
15	8	2001	8	21.51	0.04
16	8	2001	8	21.98	0.15
17	8	2001	8	22.07	4.82
18	8	2001	8	22.45	0.37
19	8	2001	8	22.47	0.31
20	8	2001	8	21.08	0.02
21	8	2001	8	19.40	0.02
22	8	2001	8	19.16	3.38
23	8	2001	8	21.05	0.49
24	8	2001	8	21.68	10.91
25	8	2001	8	21.69	0.58
26	8	2001	8	22.29	6.39
27	8	2001	8	22.37	14.34
28	8	2001	8	21.29	0.26
29	8	2001	8	22.29	0.31
30	8	2001	8	21.46	3.69
31	8	2001	8	19.83	3.07
1	9	2001	9	19.59	9.59
2	9	2001	9	19.22	12.43
3	9	2001	9	19.17	14.53
4	9	2001	9	20.75	5.75
5	9	2001	9	21.42	0.04
6	9	2001	9	21.33	0
7	9	2001	9	21.03	0.01
8	9	2001	9	20.02	0.31
9	9	2001	9	19.51	3.3
10	9	2001	9	20.39	6.12
11	9	2001	9	20.62	0.05
12	9	2001	9	18.71	0.07
13	9	2001	9	18.41	0.08
14	9	2001	9	18.12	5.55
15	9	2001	9	14.84	0
16	9	2001	9	12.95	0
17	9	2001	9	14.47	0.02
18	9	2001	9	15.78	1.79
19	9	2001	9	14.63	17.55
20	9	2001	9	16.86	5.93
21	9	2001	9	18.43	0.02
22	9	2001	9	18.40	6.96
23	9	2001	9	19.17	13.64
24	9	2001	9	16.09	31.38
25	9	2001	9	10.66	0.16
26	9	2001	9	9.76	0.05
27	9	2001	9	11.48	0.05
28	9	2001	9	11.94	0.13
29	9	2001	9	11.19	0.13
30	9	2001	9	10.76	0
1	10	2001	10	11.48	0
2	10	2001	10	13.74	0
3	10	2001	10	14.66	0
4	10	2001	10	14.91	0.03
5	10	2001	10	14.21	0.92
6	10	2001	10	11.09	3.71
7	10	2001	10	8.16	0.03
8	10	2001	10	7.10	0
9	10	2001	10	7.76	0.04
10	10	2001	10	9.27	0.14
11	10	2001	10	12.74	0.61
12	10	2001	10	15.59	5.67
13	10	2001	10	16.78	7.59
14	10	2001	10	17.10	18.56
15	10	2001	10	12.57	0.09
16	10	2001	10	9.82	0
17	10	2001	10	6.59	0
18	10	2001	10	6.55	0
19	10	2001	10	8.48	0
20	10	2001	10	10.96	0
21	10	2001	10	13.11	0
22	10	2001	10	14.28	0
23	10	2001	10	15.69	0.01
24	10	2001	10	16.81	0.16
25	10	2001	10	14.27	2.89
26	10	2001	10	8.62	0.01
27	10	2001	10	3.17	0
28	10	2001	10	3.76	0
29	10	2001	10	6.29	0.02
30	10	2001	10	8.73	0
31	10	2001	10	9.32	0
1	11	2001	11	10.51	0.02
2	11	2001	11	13.69	0
3	11	2001	11	13.86	0.01
4	11	2001	11	12.01	0
5	11	2001	11	10.64	0
6	11	2001	11	8.34	0
7	11	2001	11	9.42	0
8	11	2001	11	10.63	0
9	11	2001	11	10.64	0
10	11	2001	11	9.92	0
11	11	2001	11	9.21	0
12	11	2001	11	7.16	0
13	11	2001	11	5.93	0
14	11	2001	11	6.73	0
15	11	2001	11	8.22	0
16	11	2001	11	9.16	0
17	11	2001	11	10.45	0.05
18	11	2001	11	9.87	0
19	11	2001	11	9.46	0.01
20	11	2001	11	7.09	0.2
21	11	2001	11	3.96	0
22	11	2001	11	4.88	4.91
23	11	2001	11	5.73	19.96
24	11	2001	11	10.44	11.81
25	11	2001	11	13.46	5.96
26	11	2001	11	11.27	0.21
27	11	2001	11	12.85	1.43
28	11	2001	11	14.27	0.63
29	11	2001	11	14.29	3.28
30	11	2001	11	15.09	5.22
1	12	2001	12	11.15	0
2	12	2001	12	9.96	0
3	12	2001	12	8.41	0.01
4	12	2001	12	9.39	0.03
5	12	2001	12	10.14	0
6	12	2001	12	10.99	0.04
7	12	2001	12	12.04	0.37
8	12	2001	12	13.06	0.78
9	12	2001	12	10.24	0.47
10	12	2001	12	5.47	36.25
11	12	2001	12	7.15	0.51
12	12	2001	12	8.74	1.2
13	12	2001	12	10.62	6.11
14	12	2001	12	12.81	2.42
15	12	2001	12	9.29	0.03
16	12	2001	12	7.61	0.03
17	12	2001	12	8.54	24.3
18	12	2001	12	8.84	0.32
19	12	2001	12	5.71	0.01
20	12	2001	12	2.99	0
21	12	2001	12	1.37	0
22	12	2001	12	2.19	0.01
23	12	2001	12	3.39	10.24
24	12	2001	12	1.79	0.01
25	12	2001	12	-1.44	0.01
26	12	2001	12	-3.24	0.01
27	12	2001	12	-2.56	0.02
28	12	2001	12	0.57	0.02
29	12	2001	12	2.71	0.02
30	12	2001	12	-1.01	0
31	12	2001	12	-2.50	0.01
1	1	2002	1	-3.85	0.03
2	1	2002	1	-4.33	0.12
3	1	2002	1	-3.93	2.02
4	1	2002	1	-2.46	0.5
5	1	2002	1	-0.67	0.01
6	1	2002	1	-0.55	22.07
7	1	2002	1	-0.67	0.31
8	1	2002	1	-1.93	0.02
9	1	2002	1	2.96	0.01
10	1	2002	1	6.86	0.16
11	1	2002	1	7.46	1.32
12	1	2002	1	1.63	0.05
13	1	2002	1	2.38	0
14	1	2002	1	1.66	0
15	1	2002	1	2.65	0
16	1	2002	1	2.65	0
17	1	2002	1	3.57	0.01
18	1	2002	1	4.11	0.64
19	1	2002	1	2.45	42.1
20	1	2002	1	2.59	1.05
21	1	2002	1	4.97	10.77
22	1	2002	1	3.97	0.57
23	1	2002	1	5.86	30.02
24	1	2002	1	8.99	16.12
25	1	2002	1	6.35	2.07
26	1	2002	1	4.11	0
27	1	2002	1	5.88	0
28	1	2002	1	8.36	0
29	1	2002	1	11.39	0.01
30	1	2002	1	13.57	0.06
31	1	2002	1	14.28	1.94
1	2	2002	2	13.78	0.74
2	2	2002	2	4.41	0.06
3	2	2002	2	1.69	0.46
4	2	2002	2	0.24	0.12
5	2	2002	2	-2.16	0
6	2	2002	2	-1.02	20.49
7	2	2002	2	1.47	11.42
8	2	2002	2	4.23	0.34
9	2	2002	2	5.28	0
10	2	2002	2	6.60	2.78
11	2	2002	2	4.12	0.14
12	2	2002	2	2.78	0
13	2	2002	2	3.58	0
14	2	2002	2	3.07	0
15	2	2002	2	4.48	0.01
16	2	2002	2	6.47	0.01
17	2	2002	2	3.78	0
18	2	2002	2	2.99	0
19	2	2002	2	3.69	0.33
20	2	2002	2	5.65	5.04
21	2	2002	2	7.78	0.02
22	2	2002	2	4.86	0
23	2	2002	2	3.55	0
24	2	2002	2	4.58	0
25	2	2002	2	6.20	0.01
26	2	2002	2	6.96	0.04
27	2	2002	2	-3.93	0.15
28	2	2002	2	-4.92	0.03
1	3	2002	3	-1.77	0
2	3	2002	3	1.93	30.51
3	3	2002	3	4.09	2.93
4	3	2002	3	-3.94	0.14
5	3	2002	3	-1.99	0
6	3	2002	3	3.46	0
7	3	2002	3	6.71	0
8	3	2002	3	8.31	0.54
9	3	2002	3	10.32	2.25
10	3	2002	3	4.86	0.3
11	3	2002	3	3.87	0.3
12	3	2002	3	5.29	22.29
13	3	2002	3	9.18	8.99
14	3	2002	3	12.07	0.02
15	3	2002	3	14.75	0.19
16	3	2002	3	16.74	9.71
17	3	2002	3	14.45	18.86
18	3	2002	3	12.60	4.37
19	3	2002	3	11.69	0.4
20	3	2002	3	12.54	10.25
21	3	2002	3	11.21	6.47
22	3	2002	3	0.83	0
23	3	2002	3	1.99	0
24	3	2002	3	7.32	0.09
25	3	2002	3	11.43	0.2
26	3	2002	3	12.43	11.84
27	3	2002	3	7.94	0.12
28	3	2002	3	6.94	1.02
29	3	2002	3	10.20	1.71
30	3	2002	3	13.18	24.99
31	3	2002	3	13.86	7.52
1	4	2002	4	11.37	0.01
2	4	2002	4	11.97	0.01
3	4	2002	4	14.28	0.17
4	4	2002	4	8.23	0
5	4	2002	4	6.64	0
6	4	2002	4	5.85	0
7	4	2002	4	6.55	0.11
8	4	2002	4	10.39	0.31
9	4	2002	4	13.60	19.69
10	4	2002	4	15.59	1.53
11	4	2002	4	15.65	0.14
12	4	2002	4	13.91	3.8
13	4	2002	4	15.54	3.57
14	4	2002	4	16.82	2.25
15	4	2002	4	18.31	0.06
16	4	2002	4	19.79	0.34
17	4	2002	4	19.66	2.38
18	4	2002	4	19.99	0.46
19	4	2002	4	20.43	3.72
20	4	2002	4	21.19	0.03
21	4	2002	4	21.26	0.02
22	4	2002	4	18.49	0.47
23	4	2002	4	12.52	0.44
24	4	2002	4	11.84	1.67
25	4	2002	4	12.83	11.7
26	4	2002	4	9.35	0.1
27	4	2002	4	12.34	0.02
28	4	2002	4	17.18	0.58
29	4	2002	4	16.50	0.45
30	4	2002	4	13.62	0.63
1	5	2002	5	15.93	27.03
2	5	2002	5	20.28	5.77
3	5	2002	5	16.96	5.22
4	5	2002	5	11.16	30.93
5	5	2002	5	14.41	0.02
6	5	2002	5	16.15	0.02
7	5	2002	5	18.37	0.02
8	5	2002	5	20.32	0.15
9	5	2002	5	21.06	3.17
10	5	2002	5	19.36	3.12
11	5	2002	5	17.28	0.15
12	5	2002	5	19.15	0.09
13	5	2002	5	18.63	14.4
14	5	2002	5	12.09	0.01
15	5	2002	5	12.55	0
16	5	2002	5	14.51	1.09
17	5	2002	5	16.91	0.92
18	5	2002	5	13.31	12.23
19	5	2002	5	8.55	0.02
20	5	2002	5	8.38	0
21	5	2002	5	8.49	0
22	5	2002	5	9.00	0.18
23	5	2002	5	11.71	0
24	5	2002	5	14.94	0
25	5	2002	5	17.53	0.18
26	5	2002	5	18.33	2.76
27	5	2002	5	18.75	14.33
28	5	2002	5	18.69	0.02
29	5	2002	5	18.40	0.05
30	5	2002	5	18.70	2.51
31	5	2002	5	20.68	1.97
1	6	2002	6	22.16	0
2	6	2002	6	22.85	0.14
3	6	2002	6	23.57	4.35
4	6	2002	6	23.61	2.48
5	6	2002	6	22.51	28
6	6	2002	6	21.25	7.89
7	6	2002	6	20.21	0.1
8	6	2002	6	18.50	0
9	6	2002	6	18.01	0
10	6	2002	6	19.31	0
11	6	2002	6	19.82	0
12	6	2002	6	20.53	0.96
13	6	2002	6	21.44	4.96
14	6	2002	6	20.29	0.76
15	6	2002	6	17.17	0.09
16	6	2002	6	16.72	0.04
17	6	2002	6	18.08	0.07
18	6	2002	6	19.47	0.1
19	6	2002	6	20.00	0.02
20	6	2002	6	20.06	1.3
21	6	2002	6	19.25	0.52
22	6	2002	6	19.08	0.21
23	6	2002	6	21.11	3.32
24	6	2002	6	22.03	2.01
25	6	2002	6	22.87	3.27
26	6	2002	6	22.69	34.82
27	6	2002	6	22.04	18.14
28	6	2002	6	21.53	4.91
29	6	2002	6	22.16	1.01
30	6	2002	6	22.78	0.73
1	7	2002	7	23.34	1.26
2	7	2002	7	23.36	5.92
3	7	2002	7	22.78	4.06
4	7	2002	7	22.78	0.37
5	7	2002	7	23.47	0.01
6	7	2002	7	23.70	0.36
7	7	2002	7	22.46	0.09
8	7	2002	7	22.25	0.21
9	7	2002	7	22.54	2.63
10	7	2002	7	22.12	9.03
11	7	2002	7	21.25	5.46
12	7	2002	7	18.47	0.53
13	7	2002	7	17.98	23.36
14	7	2002	7	20.94	6.2
15	7	2002	7	22.30	0.33
16	7	2002	7	22.73	0.43
17	7	2002	7	23.08	0.15
18	7	2002	7	23.26	0.47
19	7	2002	7	22.91	0.47
20	7	2002	7	22.98	1.04
21	7	2002	7	23.21	1.03
22	7	2002	7	23.22	0.94
23	7	2002	7	23.19	2.23
24	7	2002	7	22.84	1.6
25	7	2002	7	22.69	7.91
26	7	2002	7	23.19	1.52
27	7	2002	7	23.91	0.43
28	7	2002	7	24.54	0.68
29	7	2002	7	24.93	0.04
30	7	2002	7	24.85	0.13
31	7	2002	7	23.96	0.71
1	8	2002	8	23.91	0.1
2	8	2002	8	23.65	1.94
3	8	2002	8	23.37	0.06
4	8	2002	8	23.44	0.15
5	8	2002	8	23.67	0.05
6	8	2002	8	23.13	1.66
7	8	2002	8	20.66	0
8	8	2002	8	19.45	0
9	8	2002	8	19.83	0
10	8	2002	8	21.17	0
11	8	2002	8	22.09	0.11
12	8	2002	8	22.88	0
13	8	2002	8	22.57	2.24
14	8	2002	8	22.60	3.47
15	8	2002	8	22.60	13.97
16	8	2002	8	22.86	8.16
17	8	2002	8	22.74	3.93
18	8	2002	8	22.77	8.68
19	8	2002	8	22.94	4.71
20	8	2002	8	22.89	0.02
21	8	2002	8	23.31	0.24
22	8	2002	8	23.72	0.13
23	8	2002	8	24.18	1
24	8	2002	8	23.83	3.16
25	8	2002	8	22.08	10.2
26	8	2002	8	20.32	3.97
27	8	2002	8	19.66	14.82
28	8	2002	8	19.64	0.21
29	8	2002	8	19.58	0.15
30	8	2002	8	19.57	0.72
31	8	2002	8	19.25	1.91
1	9	2002	9	20.21	0.26
2	9	2002	9	21.14	0.03
3	9	2002	9	21.65	0.24
4	9	2002	9	22.69	0.18
5	9	2002	9	22.25	0.31
6	9	2002	9	20.63	0.05
7	9	2002	9	20.19	0
8	9	2002	9	20.47	0
9	9	2002	9	20.38	0
10	9	2002	9	20.48	0
11	9	2002	9	19.97	0
12	9	2002	9	18.91	0.7
13	9	2002	9	18.00	8.84
14	9	2002	9	18.04	35.09
15	9	2002	9	18.33	20.68
16	9	2002	9	20.43	1.89
17	9	2002	9	20.19	1.82
18	9	2002	9	20.06	1.67
19	9	2002	9	20.64	1.1
20	9	2002	9	19.81	14.77
21	9	2002	9	19.55	15.87
22	9	2002	9	19.26	18.1
23	9	2002	9	18.83	0.33
24	9	2002	9	18.20	0.49
25	9	2002	9	15.03	44.65
26	9	2002	9	16.24	27.75
27	9	2002	9	18.49	13.55
28	9	2002	9	19.01	0.12
29	9	2002	9	18.22	0.02
30	9	2002	9	17.94	0.26
