1	1	1980	1	2.86	1.76
2	1	1980	1	2.43	0.08
3	1	1980	1	3.48	0.06
4	1	1980	1	1.57	6.68
5	1	1980	1	-0.92	0.67
6	1	1980	1	-2.14	0.13
7	1	1980	1	-0.14	2.66
8	1	1980	1	3.67	0.78
9	1	1980	1	5.48	0.42
10	1	1980	1	3.72	0.02
11	1	1980	1	5.42	21.67
12	1	1980	1	3.62	0.03
13	1	1980	1	1.66	15.36
14	1	1980	1	5.55	5.79
15	1	1980	1	6.50	0.01
16	1	1980	1	7.21	0.51
17	1	1980	1	7.88	8.46
18	1	1980	1	9.91	21.51
19	1	1980	1	6.66	0.01
20	1	1980	1	5.66	0.05
21	1	1980	1	4.98	0.02
22	1	1980	1	5.89	9.27
23	1	1980	1	1.86	0.14
24	1	1980	1	2.70	0
25	1	1980	1	6.31	0.04
26	1	1980	1	6.58	0.01
27	1	1980	1	5.96	1.04
28	1	1980	1	4.41	0.06
29	1	1980	1	2.12	0.04
30	1	1980	1	-2.35	6.62
31	1	1980	1	-3.76	3.06
1	2	1980	2	-9.11	0.03
2	2	1980	2	-7.49	0
3	2	1980	2	-5.31	0
4	2	1980	2	-5.47	0
5	2	1980	2	-4.74	0.22
6	2	1980	2	-3.00	6.97
7	2	1980	2	-3.60	0.06
8	2	1980	2	-3.98	0.18
9	2	1980	2	-1.74	11.3
10	2	1980	2	-1.38	0.54
11	2	1980	2	-2.64	0.03
12	2	1980	2	-1.88	0.01
13	2	1980	2	-1.92	0
14	2	1980	2	1.98	0
15	2	1980	2	4.84	0.04
16	2	1980	2	4.20	4.9
17	2	1980	2	-3.70	0.14
18	2	1980	2	-3.16	0
19	2	1980	2	0.74	0.01
20	2	1980	2	3.38	0.17
21	2	1980	2	9.39	2.77
22	2	1980	2	12.82	0.29
23	2	1980	2	12.83	0.31
24	2	1980	2	11.21	0.03
25	2	1980	2	6.76	0.87
26	2	1980	2	-2.42	0.24
27	2	1980	2	1.20	0
28	2	1980	2	8.04	0.01
29	2	1980	2	5.79	0.24
1	3	1980	3	-1.58	8.1
2	3	1980	3	-7.93	1.88
3	3	1980	3	-4.38	0.02
4	3	1980	3	1.53	0.01
5	3	1980	3	6.04	11.49
6	3	1980	3	7.72	0.05
7	3	1980	3	7.84	14.11
8	3	1980	3	13.17	8.21
9	3	1980	3	10.54	0.03
10	3	1980	3	8.67	0.02
11	3	1980	3	7.07	0.02
12	3	1980	3	1.34	6.35
13	3	1980	3	2.05	7.32
14	3	1980	3	3.35	0.08
15	3	1980	3	5.91	0
16	3	1980	3	7.47	0
17	3	1980	3	9.65	53.62
18	3	1980	3	6.65	2.17
19	3	1980	3	5.39	0.07
20	3	1980	3	7.47	48.22
21	3	1980	3	8.20	25.54
22	3	1980	3	6.69	0.13
23	3	1980	3	6.73	0
24	3	1980	3	7.91	26.66
25	3	1980	3	9.83	0.03
26	3	1980	3	8.32	0
27	3	1980	3	7.94	0
28	3	1980	3	7.19	42.98
29	3	1980	3	10.84	0
30	3	1980	3	10.88	7.16
31	3	1980	3	10.42	0.03
1	4	1980	4	10.18	0
2	4	1980	4	11.45	0
3	4	1980	4	12.20	0.19
4	4	1980	4	14.46	1.92
5	4	1980	4	8.49	0
6	4	1980	4	7.44	0
7	4	1980	4	10.19	2.86
8	4	1980	4	14.23	43.69
9	4	1980	4	11.64	0.03
10	4	1980	4	11.35	0.01
11	4	1980	4	11.92	0
12	4	1980	4	12.90	25.31
13	4	1980	4	12.51	45.98
14	4	1980	4	11.86	20.62
15	4	1980	4	6.55	1.28
16	4	1980	4	7.50	0.29
17	4	1980	4	7.91	0
18	4	1980	4	11.11	0
19	4	1980	4	12.46	0
20	4	1980	4	13.14	0
21	4	1980	4	13.59	0
22	4	1980	4	14.31	0
23	4	1980	4	18.26	0
24	4	1980	4	18.33	0.05
25	4	1980	4	18.42	1.04
26	4	1980	4	17.01	7.12
27	4	1980	4	15.32	6.04
28	4	1980	4	10.86	0.19
29	4	1980	4	8.84	2.34
30	4	1980	4	9.81	0.04
1	5	1980	5	11.09	0.02
2	5	1980	5	12.88	0
3	5	1980	5	13.94	0.25
4	5	1980	5	15.42	0.15
5	5	1980	5	15.52	0.41
6	5	1980	5	16.14	0.64
7	5	1980	5	16.54	2.94
8	5	1980	5	14.24	0.01
9	5	1980	5	10.91	0.07
10	5	1980	5	11.62	0.08
11	5	1980	5	16.51	0
12	5	1980	5	19.83	0
13	5	1980	5	21.12	0
14	5	1980	5	19.15	0.98
15	5	1980	5	16.43	0.02
16	5	1980	5	16.08	0
17	5	1980	5	14.47	67.92
18	5	1980	5	18.36	0.11
19	5	1980	5	17.41	1.46
20	5	1980	5	16.78	28.77
21	5	1980	5	16.49	0
22	5	1980	5	16.36	9.5
23	5	1980	5	18.53	19.7
24	5	1980	5	18.89	10.43
25	5	1980	5	17.84	3
26	5	1980	5	19.38	0.32
27	5	1980	5	17.36	0
28	5	1980	5	18.36	0.34
29	5	1980	5	20.16	9.2
30	5	1980	5	20.19	0.06
31	5	1980	5	19.45	2.41
1	6	1980	6	19.96	0
2	6	1980	6	20.94	0
3	6	1980	6	22.99	0
4	6	1980	6	22.40	0
5	6	1980	6	20.68	0
6	6	1980	6	19.95	0
7	6	1980	6	22.58	0
8	6	1980	6	22.85	0
9	6	1980	6	16.57	0
10	6	1980	6	15.94	0
11	6	1980	6	17.13	0
12	6	1980	6	16.71	0
13	6	1980	6	18.54	0.12
14	6	1980	6	20.09	0.68
15	6	1980	6	21.58	0.02
16	6	1980	6	22.62	12.21
17	6	1980	6	19.76	3.75
18	6	1980	6	19.72	15.6
19	6	1980	6	19.74	8.04
20	6	1980	6	20.07	0
21	6	1980	6	18.27	0
22	6	1980	6	18.98	0.17
23	6	1980	6	19.82	13.8
24	6	1980	6	18.77	41.37
25	6	1980	6	17.41	11.98
26	6	1980	6	20.86	0.24
27	6	1980	6	22.15	0.04
28	6	1980	6	23.31	0
29	6	1980	6	22.84	2.4
30	6	1980	6	20.74	0.01
1	7	1980	7	19.21	0.01
2	7	1980	7	21.57	0.17
3	7	1980	7	22.93	11.44
4	7	1980	7	23.67	6.95
5	7	1980	7	24.61	0.47
6	7	1980	7	24.66	2.93
7	7	1980	7	21.98	0
8	7	1980	7	23.04	0
9	7	1980	7	25.31	0.8
10	7	1980	7	25.17	14.27
11	7	1980	7	25.12	0
12	7	1980	7	24.98	0.02
13	7	1980	7	25.14	0.15
14	7	1980	7	25.29	0.05
15	7	1980	7	25.64	0.01
16	7	1980	7	26.63	0.04
17	7	1980	7	25.82	1.13
18	7	1980	7	25.08	0.04
19	7	1980	7	24.61	0.01
20	7	1980	7	24.42	0.17
21	7	1980	7	24.19	0.13
22	7	1980	7	23.12	0.31
23	7	1980	7	22.69	12.65
24	7	1980	7	22.59	7.77
25	7	1980	7	22.99	0.29
26	7	1980	7	22.53	4.5
27	7	1980	7	21.16	8.56
28	7	1980	7	22.33	13.27
29	7	1980	7	22.07	0.03
30	7	1980	7	22.71	0
31	7	1980	7	24.09	0
1	8	1980	8	24.04	1.94
2	8	1980	8	23.63	0.65
3	8	1980	8	23.37	0.13
4	8	1980	8	23.00	1.75
5	8	1980	8	23.66	0.09
6	8	1980	8	23.40	2.97
7	8	1980	8	24.35	0.22
8	8	1980	8	24.73	0.6
9	8	1980	8	25.01	2.57
10	8	1980	8	24.89	1.72
11	8	1980	8	23.66	0.44
12	8	1980	8	23.19	2.18
13	8	1980	8	22.44	0.02
14	8	1980	8	23.61	0.5
15	8	1980	8	24.32	4.27
16	8	1980	8	24.00	7.16
17	8	1980	8	21.99	1.79
18	8	1980	8	22.07	6.52
19	8	1980	8	23.46	6.76
20	8	1980	8	23.73	1.1
21	8	1980	8	23.88	0.81
22	8	1980	8	23.40	19.64
23	8	1980	8	21.90	0.44
24	8	1980	8	21.11	0.75
25	8	1980	8	21.02	0.07
26	8	1980	8	20.13	0
27	8	1980	8	20.36	0
28	8	1980	8	20.82	0
29	8	1980	8	21.10	0.18
30	8	1980	8	21.10	4.48
31	8	1980	8	21.32	3.3
1	9	1980	9	22.36	1.36
2	9	1980	9	22.80	4.77
3	9	1980	9	22.86	1.62
4	9	1980	9	21.99	0.95
5	9	1980	9	23.09	1.74
6	9	1980	9	22.75	0.31
7	9	1980	9	22.25	0
8	9	1980	9	20.30	0.01
9	9	1980	9	20.88	0.08
10	9	1980	9	20.68	13.74
11	9	1980	9	18.88	0.03
12	9	1980	9	20.25	0
13	9	1980	9	20.40	0
14	9	1980	9	20.93	0
15	9	1980	9	21.29	0.02
16	9	1980	9	19.65	0.09
17	9	1980	9	20.01	5.19
18	9	1980	9	21.32	0
19	9	1980	9	19.99	0.24
20	9	1980	9	20.96	6.71
21	9	1980	9	22.74	0.11
22	9	1980	9	22.89	0.13
23	9	1980	9	23.53	5.46
24	9	1980	9	22.58	8.93
25	9	1980	9	20.04	18.08
26	9	1980	9	18.71	0.04
27	9	1980	9	13.73	0.02
28	9	1980	9	11.83	42.75
29	9	1980	9	10.87	17.94
30	9	1980	9	12.83	17.86
1	10	1980	10	16.54	5.22
2	10	1980	10	18.00	0.12
3	10	1980	10	14.31	0
4	10	1980	10	9.56	0.01
5	10	1980	10	8.18	10.29
6	10	1980	10	8.61	0
7	10	1980	10	10.37	0
8	10	1980	10	12.97	0
9	10	1980	10	15.58	0
10	10	1980	10	16.91	0.12
11	10	1980	10	16.30	0.05
12	10	1980	10	11.28	0
13	10	1980	10	8.72	0
14	10	1980	10	9.47	0
15	10	1980	10	11.21	0
16	10	1980	10	12.58	0
17	10	1980	10	14.91	0.01
18	10	1980	10	17.14	12.21
19	10	1980	10	17.58	5.27
20	10	1980	10	10.89	0.03
21	10	1980	10	9.78	0
22	10	1980	10	11.24	0
23	10	1980	10	10.03	0
24	10	1980	10	8.38	8.14
25	10	1980	10	7.59	14.73
26	10	1980	10	7.01	0.04
27	10	1980	10	7.51	0.52
28	10	1980	10	11.62	12.66
29	10	1980	10	10.58	5.15
30	10	1980	10	8.55	9.74
31	10	1980	10	10.08	0.03
1	11	1980	11	10.06	0
2	11	1980	11	10.69	0
3	11	1980	11	9.75	0.06
4	11	1980	11	12.20	4.35
5	11	1980	11	8.70	0
6	11	1980	11	6.76	0
7	11	1980	11	9.65	0
8	11	1980	11	13.96	0
9	11	1980	11	14.55	0
10	11	1980	11	13.65	0
11	11	1980	11	7.87	0
12	11	1980	11	7.22	0
13	11	1980	11	8.34	0
14	11	1980	11	10.19	0.03
15	11	1980	11	11.85	18.13
16	11	1980	11	11.07	0.26
17	11	1980	11	6.01	11.48
18	11	1980	11	5.52	0.09
19	11	1980	11	1.16	0.06
20	11	1980	11	1.27	0
21	11	1980	11	2.26	0
22	11	1980	11	3.00	0.43
23	11	1980	11	4.13	13.52
24	11	1980	11	8.38	16.99
25	11	1980	11	6.01	0.01
26	11	1980	11	1.40	2.05
27	11	1980	11	2.05	24.43
28	11	1980	11	1.53	0.03
29	11	1980	11	2.18	0.02
30	11	1980	11	4.81	0.02
1	12	1980	12	7.47	0.02
2	12	1980	12	8.06	0.08
3	12	1980	12	3.86	0.03
4	12	1980	12	3.40	0
5	12	1980	12	5.63	0
6	12	1980	12	8.14	0
7	12	1980	12	9.12	0.05
8	12	1980	12	10.37	0.01
9	12	1980	12	10.41	6.07
10	12	1980	12	8.96	1.27
11	12	1980	12	2.54	0.02
12	12	1980	12	4.27	0
13	12	1980	12	5.84	0
14	12	1980	12	3.66	0
15	12	1980	12	1.78	0.01
16	12	1980	12	3.35	0.12
17	12	1980	12	2.55	0
18	12	1980	12	4.46	0
19	12	1980	12	4.24	0
20	12	1980	12	-1.60	0
21	12	1980	12	-4.42	0
22	12	1980	12	-4.69	0.02
23	12	1980	12	2.58	0.03
24	12	1980	12	4.10	2.05
25	12	1980	12	-5.56	0.34
26	12	1980	12	-7.48	0
27	12	1980	12	-2.08	0.08
28	12	1980	12	2.97	6.4
29	12	1980	12	7.04	0
30	12	1980	12	3.83	6.96
31	12	1980	12	2.33	0.02
1	1	1981	1	1.64	0.02
2	1	1981	1	0.53	0.02
3	1	1981	1	2.10	0
4	1	1981	1	-1.55	0
5	1	1981	1	-6.21	0.01
6	1	1981	1	-3.13	1.63
7	1	1981	1	-0.77	0.29
8	1	1981	1	-3.31	0
9	1	1981	1	-2.03	0
10	1	1981	1	-4.34	0
11	1	1981	1	-7.79	0.01
12	1	1981	1	-9.48	0.01
13	1	1981	1	-5.08	0
14	1	1981	1	0.17	0
15	1	1981	1	1.23	0.1
16	1	1981	1	-1.55	0
17	1	1981	1	-4.81	0
18	1	1981	1	-0.48	0.09
19	1	1981	1	3.46	0
20	1	1981	1	2.68	6.78
21	1	1981	1	2.68	1.38
22	1	1981	1	3.17	0.02
23	1	1981	1	2.28	0
24	1	1981	1	3.71	0
25	1	1981	1	4.59	0
26	1	1981	1	7.48	0.03
27	1	1981	1	7.25	1.17
28	1	1981	1	4.06	0
29	1	1981	1	3.54	0.03
30	1	1981	1	0.60	6.45
31	1	1981	1	-5.11	0.03
1	2	1981	2	-1.68	17.13
2	2	1981	2	0.34	10.62
3	2	1981	2	-7.59	0.07
4	2	1981	2	-5.80	0
5	2	1981	2	-5.26	0
6	2	1981	2	-0.02	0.01
7	2	1981	2	-0.39	0.16
8	2	1981	2	2.09	0.27
9	2	1981	2	-0.92	0
10	2	1981	2	1.92	56.04
11	2	1981	2	3.56	10.06
12	2	1981	2	-6.62	0
13	2	1981	2	-3.09	0
14	2	1981	2	2.53	0
15	2	1981	2	4.56	0
16	2	1981	2	7.36	0.02
17	2	1981	2	8.53	19.73
18	2	1981	2	9.77	13.41
19	2	1981	2	10.17	5.33
20	2	1981	2	7.96	4.17
21	2	1981	2	10.41	0.05
22	2	1981	2	6.92	2.89
23	2	1981	2	6.42	7.73
24	2	1981	2	5.64	0.03
25	2	1981	2	6.99	0
26	2	1981	2	8.93	0
27	2	1981	2	8.20	0
28	2	1981	2	10.27	0.03
1	3	1981	3	12.23	0.22
2	3	1981	3	8.25	0.02
3	3	1981	3	5.46	0.09
4	3	1981	3	4.35	18.38
5	3	1981	3	7.55	2.13
6	3	1981	3	3.78	0
7	3	1981	3	3.37	0
8	3	1981	3	2.16	0
9	3	1981	3	2.95	0
10	3	1981	3	3.19	0
11	3	1981	3	3.91	0
12	3	1981	3	5.79	0
13	3	1981	3	6.35	2.26
14	3	1981	3	5.56	0
15	3	1981	3	4.64	0.13
16	3	1981	3	4.76	3.86
17	3	1981	3	5.46	0.02
18	3	1981	3	7.12	0.41
19	3	1981	3	1.11	0.35
20	3	1981	3	0.64	0.14
21	3	1981	3	3.61	0.36
22	3	1981	3	2.58	24.51
23	3	1981	3	3.23	0.1
24	3	1981	3	4.29	0.01
25	3	1981	3	5.62	0
26	3	1981	3	7.66	0
27	3	1981	3	10.58	0
28	3	1981	3	9.76	0.17
29	3	1981	3	10.05	0.12
30	3	1981	3	14.94	43.87
31	3	1981	3	14.59	0.06
1	4	1981	4	15.84	3.16
2	4	1981	4	15.45	0
3	4	1981	4	12.71	0
4	4	1981	4	15.31	0.04
5	4	1981	4	15.46	16.39
6	4	1981	4	8.83	0
7	4	1981	4	7.03	0
8	4	1981	4	10.87	0.01
9	4	1981	4	15.00	2.59
10	4	1981	4	15.31	0.04
11	4	1981	4	18.08	0.02
12	4	1981	4	18.32	0.01
13	4	1981	4	18.78	5.4
14	4	1981	4	17.60	2.83
15	4	1981	4	14.19	0
16	4	1981	4	10.69	0
17	4	1981	4	12.24	6.42
18	4	1981	4	17.49	1.05
19	4	1981	4	17.42	8.21
20	4	1981	4	15.84	5.61
21	4	1981	4	12.22	0.02
22	4	1981	4	12.26	0.01
23	4	1981	4	16.35	9.62
24	4	1981	4	12.85	0.15
25	4	1981	4	11.80	0
26	4	1981	4	14.74	0
27	4	1981	4	18.13	0
28	4	1981	4	18.38	0.01
29	4	1981	4	17.20	0.37
30	4	1981	4	17.81	0.11
1	5	1981	5	15.10	0.31
2	5	1981	5	10.59	0.02
3	5	1981	5	10.78	0
4	5	1981	5	14.24	0
5	5	1981	5	18.23	0
6	5	1981	5	18.81	7.75
7	5	1981	5	13.57	3.17
8	5	1981	5	11.09	0.01
9	5	1981	5	13.57	0.05
10	5	1981	5	14.75	24.6
11	5	1981	5	13.67	6.12
12	5	1981	5	11.67	0.01
13	5	1981	5	13.32	0
14	5	1981	5	15.05	9.95
15	5	1981	5	13.32	0.19
16	5	1981	5	12.13	0.02
17	5	1981	5	13.98	1.35
18	5	1981	5	18.06	1.24
19	5	1981	5	17.60	12.65
20	5	1981	5	12.50	18.17
21	5	1981	5	13.65	0.19
22	5	1981	5	14.33	0.03
23	5	1981	5	16.13	0
24	5	1981	5	17.30	0
25	5	1981	5	18.25	1.22
26	5	1981	5	17.90	13.88
27	5	1981	5	16.97	54.14
28	5	1981	5	17.17	0.21
29	5	1981	5	18.18	0.09
30	5	1981	5	19.75	6.53
31	5	1981	5	20.49	8.66
1	6	1981	6	19.84	1.88
2	6	1981	6	20.96	19.18
3	6	1981	6	21.06	11.74
4	6	1981	6	21.02	4.99
5	6	1981	6	22.20	2.03
6	6	1981	6	22.38	3.37
7	6	1981	6	20.97	1.81
8	6	1981	6	21.79	0.62
9	6	1981	6	23.50	0.02
10	6	1981	6	24.22	0.5
11	6	1981	6	23.83	0.08
12	6	1981	6	23.29	4.54
13	6	1981	6	23.78	3.15
14	6	1981	6	23.75	0
15	6	1981	6	23.54	0
16	6	1981	6	23.86	0.01
17	6	1981	6	23.17	0.11
18	6	1981	6	21.88	0.12
19	6	1981	6	22.79	1.86
20	6	1981	6	22.66	0.49
21	6	1981	6	24.02	0.61
22	6	1981	6	24.37	2.69
23	6	1981	6	23.18	0.06
24	6	1981	6	23.53	0.4
25	6	1981	6	24.21	10.1
26	6	1981	6	21.46	0.01
27	6	1981	6	18.49	0
28	6	1981	6	18.30	0.08
29	6	1981	6	19.07	0
30	6	1981	6	19.94	13.5
1	7	1981	7	19.72	1.06
2	7	1981	7	18.36	16.89
3	7	1981	7	18.93	1.41
4	7	1981	7	19.60	3.21
5	7	1981	7	21.20	3.35
6	7	1981	7	22.43	0.18
7	7	1981	7	22.48	0.06
8	7	1981	7	23.38	0.04
9	7	1981	7	24.64	0.01
10	7	1981	7	24.94	0.01
11	7	1981	7	24.68	1.42
12	7	1981	7	24.52	2.95
13	7	1981	7	24.51	0.01
14	7	1981	7	24.93	0.23
15	7	1981	7	24.16	5.84
16	7	1981	7	23.99	5.18
17	7	1981	7	23.90	0.01
18	7	1981	7	23.01	13.52
19	7	1981	7	23.48	9.33
20	7	1981	7	24.67	2.96
21	7	1981	7	23.29	0.09
22	7	1981	7	22.11	0
23	7	1981	7	21.83	1.15
24	7	1981	7	23.16	9.69
25	7	1981	7	23.11	2.68
26	7	1981	7	24.01	4.72
27	7	1981	7	24.23	0.64
28	7	1981	7	24.48	2.75
29	7	1981	7	23.91	3.98
30	7	1981	7	19.79	6.36
31	7	1981	7	18.51	0.4
1	8	1981	8	17.46	5.66
2	8	1981	8	19.22	2.19
3	8	1981	8	22.08	0.19
4	8	1981	8	22.50	0.81
5	8	1981	8	23.78	1.16
6	8	1981	8	23.45	6.54
7	8	1981	8	23.23	4.27
8	8	1981	8	22.50	0.96
9	8	1981	8	21.60	0.11
10	8	1981	8	21.67	0.68
11	8	1981	8	22.39	0.43
12	8	1981	8	22.00	3.15
13	8	1981	8	21.12	1.01
14	8	1981	8	21.76	1.08
15	8	1981	8	21.85	0.03
16	8	1981	8	21.69	0.24
17	8	1981	8	20.63	0.73
18	8	1981	8	19.30	0.09
19	8	1981	8	17.98	0.23
20	8	1981	8	19.56	0.07
21	8	1981	8	18.69	0.02
22	8	1981	8	17.42	0.04
23	8	1981	8	18.67	0.08
24	8	1981	8	20.58	0
25	8	1981	8	20.66	0
26	8	1981	8	19.94	0
27	8	1981	8	20.98	0
28	8	1981	8	19.13	0.03
29	8	1981	8	19.05	0.07
30	8	1981	8	20.73	0.04
31	8	1981	8	21.76	1.45
1	9	1981	9	21.76	3.22
2	9	1981	9	22.47	2.14
3	9	1981	9	22.11	5.28
4	9	1981	9	20.81	8.57
5	9	1981	9	21.64	3.29
6	9	1981	9	20.86	19.02
7	9	1981	9	20.80	17.92
8	9	1981	9	20.52	1.13
9	9	1981	9	16.86	0.03
10	9	1981	9	16.69	0
11	9	1981	9	18.70	0
12	9	1981	9	19.01	0
13	9	1981	9	19.64	0
14	9	1981	9	20.05	0.06
15	9	1981	9	19.98	10.42
16	9	1981	9	19.56	4.04
17	9	1981	9	15.51	0.03
18	9	1981	9	12.64	0.04
19	9	1981	9	11.21	0.04
20	9	1981	9	13.48	0.02
21	9	1981	9	14.36	0
22	9	1981	9	15.53	0
23	9	1981	9	15.81	0
24	9	1981	9	12.85	0
25	9	1981	9	14.09	0
26	9	1981	9	15.27	0
27	9	1981	9	16.29	0
28	9	1981	9	16.69	0
29	9	1981	9	14.05	0
30	9	1981	9	16.26	0
1	10	1981	10	18.01	2.43
2	10	1981	10	13.96	2.94
3	10	1981	10	9.67	0
4	10	1981	10	11.74	0
5	10	1981	10	13.33	0.76
6	10	1981	10	17.58	0.52
7	10	1981	10	15.01	0.01
8	10	1981	10	11.83	0.01
9	10	1981	10	9.31	1.58
10	10	1981	10	9.92	3.95
11	10	1981	10	12.96	0.02
12	10	1981	10	13.03	0
13	10	1981	10	11.73	0.01
14	10	1981	10	9.24	0
15	10	1981	10	11.52	0
16	10	1981	10	14.42	0
17	10	1981	10	14.11	0.01
18	10	1981	10	14.65	2.74
19	10	1981	10	8.23	0.06
20	10	1981	10	6.22	0
21	10	1981	10	8.79	0
22	10	1981	10	11.04	0.05
23	10	1981	10	11.29	11.55
24	10	1981	10	4.16	0.02
25	10	1981	10	5.52	21.39
26	10	1981	10	10.38	30.64
27	10	1981	10	13.67	2.66
28	10	1981	10	12.62	1.42
29	10	1981	10	11.44	0
30	10	1981	10	10.37	0
31	10	1981	10	10.61	0
1	11	1981	11	11.24	0
2	11	1981	11	13.59	0
3	11	1981	11	13.19	0
4	11	1981	11	13.42	0.01
5	11	1981	11	12.88	3.97
6	11	1981	11	11.81	0.08
7	11	1981	11	8.40	0
8	11	1981	11	6.95	0
9	11	1981	11	7.68	0
10	11	1981	11	8.18	0
11	11	1981	11	8.06	0
12	11	1981	11	7.25	0
13	11	1981	11	5.70	0
14	11	1981	11	5.89	0
15	11	1981	11	7.21	0.01
16	11	1981	11	6.69	1.86
17	11	1981	11	8.06	0.29
18	11	1981	11	8.30	0
19	11	1981	11	9.75	1.87
20	11	1981	11	7.75	7.89
21	11	1981	11	-0.13	0.06
22	11	1981	11	0.59	0
23	11	1981	11	1.39	1.28
24	11	1981	11	3.43	7.37
25	11	1981	11	5.97	0.14
26	11	1981	11	6.36	0.01
27	11	1981	11	8.22	10.2
28	11	1981	11	8.48	0.04
29	11	1981	11	4.83	0
30	11	1981	11	3.52	17.88
1	12	1981	12	4.13	17.74
2	12	1981	12	6.73	0.01
3	12	1981	12	4.25	0.03
4	12	1981	12	3.25	1.41
5	12	1981	12	1.69	0.34
6	12	1981	12	0.41	0
7	12	1981	12	4.74	0.01
8	12	1981	12	7.11	0.01
9	12	1981	12	0.80	0.02
10	12	1981	12	-3.61	0.01
11	12	1981	12	-2.49	0
12	12	1981	12	-0.28	0
13	12	1981	12	-0.70	0.02
14	12	1981	12	0.81	21.13
15	12	1981	12	2.72	15.16
16	12	1981	12	0.29	0.02
17	12	1981	12	1.19	0.45
18	12	1981	12	-2.56	0.02
19	12	1981	12	-7.77	0.01
20	12	1981	12	-7.53	0.01
21	12	1981	12	-6.03	1.7
22	12	1981	12	2.96	4.36
23	12	1981	12	9.21	4.59
24	12	1981	12	4.70	10.9
25	12	1981	12	1.86	24.58
26	12	1981	12	1.75	0.44
27	12	1981	12	4.06	0.81
28	12	1981	12	3.04	0.15
29	12	1981	12	2.81	0.03
30	12	1981	12	-0.77	0.01
31	12	1981	12	-0.74	49.89
1	1	1982	1	4.36	0.01
2	1	1982	1	2.76	0.76
3	1	1982	1	3.99	53.82
4	1	1982	1	7.21	18.29
5	1	1982	1	2.46	0
6	1	1982	1	5.74	0.01
7	1	1982	1	10.87	0.35
8	1	1982	1	2.25	0.01
9	1	1982	1	-1.71	0.01
10	1	1982	1	-10.69	0.02
11	1	1982	1	-11.25	0
12	1	1982	1	-8.24	3.59
13	1	1982	1	-5.04	5.39
14	1	1982	1	-3.75	7.56
15	1	1982	1	-3.91	0.16
16	1	1982	1	-1.37	0.04
17	1	1982	1	-8.20	0
18	1	1982	1	-4.93	0.23
19	1	1982	1	3.44	0.68
20	1	1982	1	6.61	0.17
21	1	1982	1	9.01	23.12
22	1	1982	1	5.41	11.07
23	1	1982	1	4.61	9.24
24	1	1982	1	0.55	0.01
25	1	1982	1	1.64	0
26	1	1982	1	-3.55	0
27	1	1982	1	-5.17	0
28	1	1982	1	-1.09	0
29	1	1982	1	2.34	0
30	1	1982	1	4.96	0.02
31	1	1982	1	9.50	32.07
1	2	1982	2	4.22	0.01
2	2	1982	2	3.10	43.84
3	2	1982	2	5.99	47.01
4	2	1982	2	7.58	0.04
5	2	1982	2	6.32	0.99
6	2	1982	2	4.70	0.09
7	2	1982	2	-1.19	0
8	2	1982	2	1.76	0.01
9	2	1982	2	6.41	17.45
10	2	1982	2	1.50	0
11	2	1982	2	4.61	0.01
12	2	1982	2	1.99	1.43
13	2	1982	2	1.83	1.67
14	2	1982	2	3.19	0
15	2	1982	2	6.24	11.71
16	2	1982	2	9.85	18.24
17	2	1982	2	12.23	12.29
18	2	1982	2	6.87	0.26
19	2	1982	2	6.29	1.32
20	2	1982	2	7.96	0.02
21	2	1982	2	9.05	0.04
22	2	1982	2	4.86	0
23	2	1982	2	9.10	0
24	2	1982	2	13.15	0.14
25	2	1982	2	8.23	0.07
26	2	1982	2	0.01	15.73
27	2	1982	2	-0.80	17.62
28	2	1982	2	2.50	0.04
1	3	1982	3	5.02	0.12
2	3	1982	3	7.07	0
3	3	1982	3	8.10	0.04
4	3	1982	3	8.58	0.02
5	3	1982	3	12.39	0.44
6	3	1982	3	10.14	11.8
7	3	1982	3	4.29	22.17
8	3	1982	3	0.97	0.09
9	3	1982	3	5.29	0
10	3	1982	3	7.45	0.01
11	3	1982	3	8.83	0
12	3	1982	3	12.92	0.01
13	3	1982	3	14.96	3.7
14	3	1982	3	10.39	0.91
15	3	1982	3	9.13	14.49
16	3	1982	3	8.76	0.58
17	3	1982	3	14.48	5.42
18	3	1982	3	15.78	0.03
19	3	1982	3	15.86	0.11
20	3	1982	3	17.41	0.02
21	3	1982	3	15.06	4.13
22	3	1982	3	11.20	0.03
23	3	1982	3	8.24	0.02
24	3	1982	3	8.85	0
25	3	1982	3	12.25	3.27
26	3	1982	3	6.06	0.08
27	3	1982	3	0.46	0.01
28	3	1982	3	0.27	0
29	3	1982	3	2.23	0.2
30	3	1982	3	10.30	0
31	3	1982	3	14.61	3.42
1	4	1982	4	13.61	0.01
2	4	1982	4	10.46	0.71
3	4	1982	4	14.59	11.09
4	4	1982	4	11.78	0.13
5	4	1982	4	8.22	3.87
6	4	1982	4	3.21	0.01
7	4	1982	4	2.67	0.04
8	4	1982	4	2.96	17.79
9	4	1982	4	5.24	0.04
10	4	1982	4	4.95	0
11	4	1982	4	6.16	0
12	4	1982	4	10.54	0
13	4	1982	4	13.64	0.09
14	4	1982	4	15.30	5.54
15	4	1982	4	13.93	0.65
16	4	1982	4	16.11	9.26
17	4	1982	4	16.30	12.01
18	4	1982	4	11.78	0.17
19	4	1982	4	11.17	0.41
20	4	1982	4	14.41	2.09
21	4	1982	4	14.19	0.77
22	4	1982	4	10.94	0.09
23	4	1982	4	8.17	0
24	4	1982	4	8.57	0
25	4	1982	4	9.55	33.71
26	4	1982	4	15.58	11.28
27	4	1982	4	15.13	13.51
28	4	1982	4	13.24	0.1
29	4	1982	4	12.25	0.01
30	4	1982	4	10.81	0.04
1	5	1982	5	11.68	0
2	5	1982	5	13.26	0.19
3	5	1982	5	14.50	0.02
4	5	1982	5	15.23	0
5	5	1982	5	15.91	0
6	5	1982	5	16.75	0
7	5	1982	5	16.03	0.78
8	5	1982	5	16.33	8.51
9	5	1982	5	14.08	0.01
10	5	1982	5	15.46	0.72
11	5	1982	5	16.62	0
12	5	1982	5	17.68	0.16
13	5	1982	5	18.93	0.01
14	5	1982	5	19.79	1
15	5	1982	5	19.94	1.78
16	5	1982	5	19.77	0.7
17	5	1982	5	19.19	4.32
18	5	1982	5	18.56	6.57
19	5	1982	5	19.32	7.39
20	5	1982	5	18.11	7.26
21	5	1982	5	19.77	0.8
22	5	1982	5	19.89	6.69
23	5	1982	5	19.62	17.59
24	5	1982	5	19.11	4.25
25	5	1982	5	20.40	3.46
26	5	1982	5	20.49	28.33
27	5	1982	5	20.46	7.64
28	5	1982	5	21.08	15.27
29	5	1982	5	21.33	3.24
30	5	1982	5	22.87	1.68
31	5	1982	5	22.19	12.9
1	6	1982	6	20.62	5.74
2	6	1982	6	19.47	0
3	6	1982	6	20.19	0.63
4	6	1982	6	19.65	10.31
5	6	1982	6	20.04	1.04
6	6	1982	6	17.47	0
7	6	1982	6	18.51	0
8	6	1982	6	20.52	0
9	6	1982	6	21.79	0
10	6	1982	6	21.24	16.46
11	6	1982	6	20.05	0.8
12	6	1982	6	20.12	23.54
13	6	1982	6	19.74	10.48
14	6	1982	6	19.05	0.76
15	6	1982	6	19.84	0.02
16	6	1982	6	21.53	0.12
17	6	1982	6	20.20	6.5
18	6	1982	6	20.44	1.09
19	6	1982	6	20.97	0.19
20	6	1982	6	21.32	0
21	6	1982	6	19.09	0.01
22	6	1982	6	19.90	0.16
23	6	1982	6	19.73	0.28
24	6	1982	6	19.82	0.03
25	6	1982	6	20.68	7.11
26	6	1982	6	21.64	1.9
27	6	1982	6	20.78	1.92
28	6	1982	6	21.66	10.06
29	6	1982	6	22.05	0.21
30	6	1982	6	22.13	0.11
1	7	1982	7	21.51	0.08
2	7	1982	7	20.53	1.09
3	7	1982	7	23.14	0.23
4	7	1982	7	23.39	1.54
5	7	1982	7	22.68	2.43
6	7	1982	7	21.91	2.09
7	7	1982	7	21.25	4.12
8	7	1982	7	22.11	4.2
9	7	1982	7	22.12	5.65
10	7	1982	7	22.23	1.97
11	7	1982	7	22.92	7.51
12	7	1982	7	22.51	36.22
13	7	1982	7	22.58	2.39
14	7	1982	7	21.99	5.21
15	7	1982	7	22.38	5.83
16	7	1982	7	22.48	4.96
17	7	1982	7	22.47	2.56
18	7	1982	7	22.99	10.63
19	7	1982	7	23.05	1.4
20	7	1982	7	23.14	0.03
21	7	1982	7	23.37	17
22	7	1982	7	23.82	8.29
23	7	1982	7	22.46	9.83
24	7	1982	7	22.18	1.53
25	7	1982	7	23.22	2.28
26	7	1982	7	23.81	0.18
27	7	1982	7	23.68	1.57
28	7	1982	7	23.69	20.67
29	7	1982	7	22.43	13.23
30	7	1982	7	22.29	7.85
31	7	1982	7	20.99	39.3
1	8	1982	8	21.26	2.71
2	8	1982	8	20.56	0.41
3	8	1982	8	20.95	0
4	8	1982	8	22.40	0.02
5	8	1982	8	22.26	0.39
6	8	1982	8	21.38	0.05
7	8	1982	8	21.67	5.37
8	8	1982	8	22.55	1.04
9	8	1982	8	21.94	8.47
10	8	1982	8	22.41	5.58
11	8	1982	8	22.14	17.72
12	8	1982	8	21.56	0.84
13	8	1982	8	20.79	0.11
14	8	1982	8	21.07	0.03
15	8	1982	8	21.13	0.37
16	8	1982	8	20.82	2.82
17	8	1982	8	20.36	6.9
18	8	1982	8	21.01	8.22
19	8	1982	8	20.59	0.02
20	8	1982	8	21.47	0.05
21	8	1982	8	21.05	0
22	8	1982	8	18.06	0
23	8	1982	8	19.53	2.3
24	8	1982	8	21.57	6.87
25	8	1982	8	22.52	0.13
26	8	1982	8	19.28	0.57
27	8	1982	8	20.18	0.2
28	8	1982	8	21.54	1.38
29	8	1982	8	19.21	0.05
30	8	1982	8	19.67	0.1
31	8	1982	8	19.73	5.16
1	9	1982	9	19.85	15.14
2	9	1982	9	21.51	4.45
3	9	1982	9	20.91	0.05
4	9	1982	9	18.31	0.04
5	9	1982	9	16.28	0
6	9	1982	9	17.25	0
7	9	1982	9	17.98	0
8	9	1982	9	18.11	0
9	9	1982	9	17.44	0
10	9	1982	9	18.44	2.76
11	9	1982	9	17.86	4.22
12	9	1982	9	18.78	0.78
13	9	1982	9	19.91	0.14
14	9	1982	9	22.20	1.84
15	9	1982	9	21.34	0.55
16	9	1982	9	21.28	0.18
17	9	1982	9	19.47	0
18	9	1982	9	19.78	3.3
19	9	1982	9	18.94	1.47
20	9	1982	9	17.22	0.8
21	9	1982	9	15.97	4.75
22	9	1982	9	12.15	0.03
23	9	1982	9	10.97	0.01
24	9	1982	9	12.25	0.02
25	9	1982	9	13.00	0.61
26	9	1982	9	13.72	0.95
27	9	1982	9	14.07	0.91
28	9	1982	9	14.84	0
29	9	1982	9	15.22	0
30	9	1982	9	15.55	0.02
1	10	1982	10	16.47	0
2	10	1982	10	17.31	0
3	10	1982	10	17.03	0
4	10	1982	10	18.57	0.16
5	10	1982	10	20.00	0.08
6	10	1982	10	19.02	0
7	10	1982	10	17.21	5.28
8	10	1982	10	18.14	8.86
9	10	1982	10	19.94	2.94
10	10	1982	10	19.36	27.57
11	10	1982	10	14.81	3.26
12	10	1982	10	14.68	8.48
13	10	1982	10	15.82	37.08
14	10	1982	10	13.13	0.01
15	10	1982	10	11.91	0
16	10	1982	10	11.04	0
17	10	1982	10	7.91	0
18	10	1982	10	8.28	0.01
19	10	1982	10	8.54	0.06
20	10	1982	10	13.24	1.57
21	10	1982	10	13.30	1.09
22	10	1982	10	9.69	0
23	10	1982	10	7.56	0
24	10	1982	10	5.62	0.79
25	10	1982	10	5.28	20.69
26	10	1982	10	8.56	0.01
27	10	1982	10	8.33	0
28	10	1982	10	8.90	0.04
29	10	1982	10	9.41	0
30	10	1982	10	10.50	0
31	10	1982	10	12.43	0
1	11	1982	11	15.16	0.01
2	11	1982	11	15.64	0.34
3	11	1982	11	15.06	25.15
4	11	1982	11	9.31	24.65
5	11	1982	11	2.01	0.01
6	11	1982	11	2.34	0
7	11	1982	11	4.65	0
8	11	1982	11	6.79	0
9	11	1982	11	8.74	0
10	11	1982	11	9.61	0
11	11	1982	11	8.98	0.22
12	11	1982	11	12.10	24.81
13	11	1982	11	5.35	0
14	11	1982	11	1.00	0.01
15	11	1982	11	3.64	0
16	11	1982	11	2.01	0
17	11	1982	11	4.74	1.59
18	11	1982	11	7.88	18.65
19	11	1982	11	8.76	4.05
20	11	1982	11	10.50	1.31
21	11	1982	11	11.69	7.3
22	11	1982	11	14.63	0.73
23	11	1982	11	13.28	0.68
24	11	1982	11	9.69	0.15
25	11	1982	11	3.00	0.05
26	11	1982	11	7.83	0.25
27	11	1982	11	9.81	1.65
28	11	1982	11	7.53	36.24
29	11	1982	11	10.26	4.66
30	11	1982	11	6.16	7.06
1	12	1982	12	10.88	14.9
2	12	1982	12	13.60	1.97
3	12	1982	12	15.69	3.23
4	12	1982	12	15.96	0.97
5	12	1982	12	14.77	43.81
6	12	1982	12	9.13	0.95
7	12	1982	12	6.53	0
8	12	1982	12	4.84	0
9	12	1982	12	4.56	0.49
10	12	1982	12	2.56	1.25
11	12	1982	12	4.06	31.76
12	12	1982	12	0.30	3.48
13	12	1982	12	-3.64	0.04
14	12	1982	12	-0.02	0.25
15	12	1982	12	3.67	26.44
16	12	1982	12	5.24	0.58
17	12	1982	12	0.33	0.02
18	12	1982	12	-0.86	0.04
19	12	1982	12	0.81	4.9
20	12	1982	12	2.56	0.06
21	12	1982	12	2.41	0.02
22	12	1982	12	1.19	0
23	12	1982	12	5.90	0.18
24	12	1982	12	7.92	2.13
25	12	1982	12	12.96	8.55
26	12	1982	12	15.41	0.36
27	12	1982	12	13.47	4.78
28	12	1982	12	13.87	12.53
29	12	1982	12	8.72	0.04
30	12	1982	12	1.50	0.36
31	12	1982	12	1.89	0.11
1	1	1983	1	3.91	1.29
2	1	1983	1	4.90	20.44
3	1	1983	1	3.17	0.67
4	1	1983	1	-0.06	0
5	1	1983	1	0.98	0
6	1	1983	1	3.32	0
7	1	1983	1	4.95	0
8	1	1983	1	4.24	0.08
9	1	1983	1	3.94	2.19
10	1	1983	1	5.52	6.31
11	1	1983	1	4.46	2.54
12	1	1983	1	-1.05	0.56
13	1	1983	1	-1.76	0.04
14	1	1983	1	1.36	0.23
15	1	1983	1	0.37	0.18
16	1	1983	1	-2.26	0
17	1	1983	1	-0.91	0
18	1	1983	1	-4.45	0
19	1	1983	1	-4.86	0
20	1	1983	1	-4.71	8.74
21	1	1983	1	-2.95	54.23
22	1	1983	1	1.18	12.3
23	1	1983	1	3.25	0.95
24	1	1983	1	2.52	0.02
25	1	1983	1	0.07	0
26	1	1983	1	1.65	0.25
27	1	1983	1	2.76	0.69
28	1	1983	1	4.07	0.05
29	1	1983	1	2.47	0.01
30	1	1983	1	7.10	0.44
31	1	1983	1	6.53	0.08
1	2	1983	2	5.69	13.7
2	2	1983	2	9.66	60.62
3	2	1983	2	3.32	0.02
4	2	1983	2	-1.28	0.01
5	2	1983	2	-2.29	1.41
6	2	1983	2	-0.91	13.38
7	2	1983	2	0.06	0.05
8	2	1983	2	-1.62	0
9	2	1983	2	-0.26	0.04
10	2	1983	2	1.22	22.64
11	2	1983	2	1.19	2.05
12	2	1983	2	1.68	0.11
13	2	1983	2	1.42	0.02
14	2	1983	2	5.04	3.63
15	2	1983	2	5.04	0
16	2	1983	2	4.52	0
17	2	1983	2	6.78	0
18	2	1983	2	4.63	0
19	2	1983	2	5.33	0
20	2	1983	2	6.03	0
21	2	1983	2	6.39	0.1
22	2	1983	2	6.66	39.55
23	2	1983	2	8.49	1.82
24	2	1983	2	5.97	1.83
25	2	1983	2	2.27	0.92
26	2	1983	2	-0.85	0
27	2	1983	2	0.06	0
28	2	1983	2	2.36	3.76
1	3	1983	3	8.34	0.13
2	3	1983	3	8.55	0
3	3	1983	3	9.77	0
4	3	1983	3	11.39	0
5	3	1983	3	12.89	1.24
6	3	1983	3	16.31	45.17
7	3	1983	3	12.03	3.31
8	3	1983	3	13.36	3.06
9	3	1983	3	9.58	0.7
10	3	1983	3	2.77	2.63
11	3	1983	3	0.24	0.86
12	3	1983	3	3.81	0.02
13	3	1983	3	6.61	0
14	3	1983	3	9.15	0
15	3	1983	3	11.83	0
16	3	1983	3	11.26	0.63
17	3	1983	3	7.31	54.33
18	3	1983	3	9.68	10.01
19	3	1983	3	11.24	0.08
20	3	1983	3	9.33	26.13
21	3	1983	3	5.24	3
22	3	1983	3	1.06	0.2
23	3	1983	3	2.69	0
24	3	1983	3	1.03	8.32
25	3	1983	3	3.46	0.02
26	3	1983	3	3.32	11.2
27	3	1983	3	7.36	22.37
28	3	1983	3	6.38	0
29	3	1983	3	4.99	0
30	3	1983	3	5.00	2.04
31	3	1983	3	5.90	6.93
1	4	1983	4	7.12	0.19
2	4	1983	4	9.91	28.57
3	4	1983	4	7.54	0.04
4	4	1983	4	8.86	0.04
5	4	1983	4	9.01	41.08
6	4	1983	4	14.01	2.06
7	4	1983	4	15.11	5.95
8	4	1983	4	15.16	9.73
9	4	1983	4	14.74	34.75
10	4	1983	4	9.77	3.14
11	4	1983	4	8.29	0.04
12	4	1983	4	9.56	0
13	4	1983	4	11.78	0.08
14	4	1983	4	13.40	12.05
15	4	1983	4	11.61	4.47
16	4	1983	4	5.72	0.05
17	4	1983	4	6.01	0.08
18	4	1983	4	3.59	8.83
19	4	1983	4	-0.29	0.03
20	4	1983	4	2.29	0.01
21	4	1983	4	5.21	0.03
22	4	1983	4	5.96	0.44
23	4	1983	4	7.82	34.14
24	4	1983	4	8.54	5.87
25	4	1983	4	8.80	0.03
26	4	1983	4	12.64	0
27	4	1983	4	13.55	0
28	4	1983	4	14.45	0
29	4	1983	4	16.27	0
30	4	1983	4	17.22	0.14
1	5	1983	5	18.51	0.03
2	5	1983	5	19.81	0
3	5	1983	5	17.37	7.72
4	5	1983	5	11.73	0.02
5	5	1983	5	11.70	0
6	5	1983	5	12.44	0
7	5	1983	5	14.34	0.15
8	5	1983	5	15.55	8.56
9	5	1983	5	12.61	0
10	5	1983	5	13.44	0.06
11	5	1983	5	16.30	0.03
12	5	1983	5	16.84	0.69
13	5	1983	5	17.38	17.13
14	5	1983	5	18.19	0.49
15	5	1983	5	18.09	0.27
16	5	1983	5	17.16	15.91
17	5	1983	5	13.23	0
18	5	1983	5	11.14	0
19	5	1983	5	13.20	34.12
20	5	1983	5	17.58	15.16
21	5	1983	5	19.38	14.46
22	5	1983	5	19.64	12.78
23	5	1983	5	19.29	2.82
24	5	1983	5	16.95	0.02
25	5	1983	5	14.49	0.04
26	5	1983	5	14.98	0.29
27	5	1983	5	13.80	0.01
28	5	1983	5	14.50	0
29	5	1983	5	17.57	1.49
30	5	1983	5	18.65	1.55
31	5	1983	5	15.28	0.01
1	6	1983	6	14.47	2
2	6	1983	6	14.16	0.01
3	6	1983	6	17.41	0.91
4	6	1983	6	19.38	11.23
5	6	1983	6	18.83	2.11
6	6	1983	6	19.61	10.3
7	6	1983	6	17.85	5.67
8	6	1983	6	17.46	0.1
9	6	1983	6	17.17	0
10	6	1983	6	17.31	0
11	6	1983	6	17.31	0.01
12	6	1983	6	17.41	0
13	6	1983	6	17.50	0
14	6	1983	6	17.91	0.14
15	6	1983	6	19.61	0.33
16	6	1983	6	20.55	5.75
17	6	1983	6	19.54	10.6
18	6	1983	6	19.43	0.91
19	6	1983	6	20.19	7.34
20	6	1983	6	20.89	2.12
21	6	1983	6	21.64	2.18
22	6	1983	6	20.19	2.2
23	6	1983	6	20.16	1.11
24	6	1983	6	21.34	0
25	6	1983	6	21.50	0.01
26	6	1983	6	22.78	0.63
27	6	1983	6	22.46	12.34
28	6	1983	6	22.42	6.4
29	6	1983	6	22.98	3.34
30	6	1983	6	22.85	20.66
1	7	1983	7	22.49	6.13
2	7	1983	7	23.29	2.21
3	7	1983	7	23.57	1.61
4	7	1983	7	23.47	4.71
5	7	1983	7	21.93	6.13
6	7	1983	7	20.42	0
7	7	1983	7	19.29	0
8	7	1983	7	19.30	0
9	7	1983	7	19.60	0
10	7	1983	7	20.92	0
11	7	1983	7	22.09	2.21
12	7	1983	7	22.88	0.02
13	7	1983	7	23.41	0
14	7	1983	7	24.26	0.17
15	7	1983	7	24.78	0.49
16	7	1983	7	24.20	0.2
17	7	1983	7	23.84	0.35
18	7	1983	7	23.34	1.53
19	7	1983	7	23.50	1.15
20	7	1983	7	24.79	2.37
21	7	1983	7	25.28	0.02
22	7	1983	7	26.76	0.01
23	7	1983	7	26.67	0.01
24	7	1983	7	26.36	1.65
25	7	1983	7	24.35	4.31
26	7	1983	7	22.31	0.5
27	7	1983	7	21.38	0
28	7	1983	7	20.92	0
29	7	1983	7	21.01	0.01
30	7	1983	7	21.05	0.01
31	7	1983	7	21.79	2.54
1	8	1983	8	21.68	8.08
2	8	1983	8	21.86	0.18
3	8	1983	8	22.89	0.47
4	8	1983	8	23.31	2.51
5	8	1983	8	22.83	0.88
6	8	1983	8	23.28	3.08
7	8	1983	8	23.31	5.03
8	8	1983	8	23.12	4.31
9	8	1983	8	24.03	0.21
10	8	1983	8	23.39	0
11	8	1983	8	23.88	3.58
12	8	1983	8	22.95	0.86
13	8	1983	8	20.90	0.03
14	8	1983	8	18.60	0
15	8	1983	8	19.32	0
16	8	1983	8	19.73	0
17	8	1983	8	21.84	0
18	8	1983	8	23.00	0.01
19	8	1983	8	24.91	0.03
20	8	1983	8	26.43	0.19
21	8	1983	8	27.13	0.28
22	8	1983	8	26.26	0.27
23	8	1983	8	26.42	2.99
24	8	1983	8	25.14	13.53
25	8	1983	8	20.96	2.72
26	8	1983	8	22.81	0.25
27	8	1983	8	22.56	3.08
28	8	1983	8	23.00	0.49
29	8	1983	8	23.03	0.01
30	8	1983	8	21.66	0
31	8	1983	8	21.57	4.15
1	9	1983	9	20.85	4.22
2	9	1983	9	19.55	7.82
3	9	1983	9	18.81	9.45
4	9	1983	9	21.08	41.28
5	9	1983	9	23.16	6.67
6	9	1983	9	22.82	0.04
7	9	1983	9	22.38	0.37
8	9	1983	9	22.95	3.42
9	9	1983	9	23.03	1.9
10	9	1983	9	23.43	0.15
11	9	1983	9	22.99	6.05
12	9	1983	9	22.87	5.64
13	9	1983	9	20.61	15.52
14	9	1983	9	18.35	8.72
15	9	1983	9	15.31	0.01
16	9	1983	9	16.12	0.01
17	9	1983	9	19.04	0
18	9	1983	9	19.63	0.05
19	9	1983	9	19.62	0.03
20	9	1983	9	19.04	20.82
21	9	1983	9	16.71	22.12
22	9	1983	9	9.95	0.44
23	9	1983	9	9.38	0.01
24	9	1983	9	9.64	0
25	9	1983	9	10.19	0.01
26	9	1983	9	12.71	0
27	9	1983	9	13.51	0
28	9	1983	9	14.13	0.01
29	9	1983	9	14.50	0
30	9	1983	9	13.52	0.31
1	10	1983	10	14.82	0.04
2	10	1983	10	15.86	0.01
3	10	1983	10	15.53	0.06
4	10	1983	10	16.67	0.62
5	10	1983	10	18.69	6.58
6	10	1983	10	15.96	0.04
7	10	1983	10	12.88	0.03
8	10	1983	10	13.12	0
9	10	1983	10	13.46	0.06
10	10	1983	10	14.32	0
11	10	1983	10	13.39	15.65
12	10	1983	10	16.71	24.97
13	10	1983	10	16.14	28.72
14	10	1983	10	9.80	0.91
15	10	1983	10	11.14	0.09
16	10	1983	10	11.64	0.09
17	10	1983	10	12.94	0.02
18	10	1983	10	14.04	0
19	10	1983	10	15.85	0
20	10	1983	10	15.29	0.02
21	10	1983	10	12.12	3.74
22	10	1983	10	8.82	8.04
23	10	1983	10	11.33	35.49
24	10	1983	10	12.66	0.27
25	10	1983	10	12.04	0.42
26	10	1983	10	9.69	0.04
27	10	1983	10	8.89	0
28	10	1983	10	10.06	0
29	10	1983	10	11.67	0
30	10	1983	10	10.51	0
31	10	1983	10	10.01	0
1	11	1983	11	13.00	0.01
2	11	1983	11	12.40	0.02
3	11	1983	11	13.86	0.25
4	11	1983	11	12.01	4.84
5	11	1983	11	4.59	0.01
6	11	1983	11	7.19	0
7	11	1983	11	7.33	0
8	11	1983	11	9.48	0
9	11	1983	11	9.32	3.78
10	11	1983	11	12.51	4
11	11	1983	11	6.03	0.07
12	11	1983	11	3.56	0.01
13	11	1983	11	3.47	0.23
14	11	1983	11	1.65	3.78
15	11	1983	11	5.27	26.91
16	11	1983	11	4.52	0.15
17	11	1983	11	3.69	0.12
18	11	1983	11	5.96	0
19	11	1983	11	8.38	0.07
20	11	1983	11	9.47	17.37
21	11	1983	11	8.35	0.06
22	11	1983	11	9.56	0.39
23	11	1983	11	10.35	13.24
24	11	1983	11	11.19	39.01
25	11	1983	11	4.26	0.05
26	11	1983	11	5.17	0.05
27	11	1983	11	5.38	11.19
28	11	1983	11	11.01	30.78
29	11	1983	11	4.83	0
30	11	1983	11	2.88	0.01
1	12	1983	12	4.44	0.12
2	12	1983	12	3.59	2.26
3	12	1983	12	7.84	63.21
4	12	1983	12	10.79	15.09
5	12	1983	12	9.27	4.1
6	12	1983	12	10.09	27.66
7	12	1983	12	1.24	0.01
8	12	1983	12	0.72	0
9	12	1983	12	2.46	0.03
10	12	1983	12	6.75	0.02
11	12	1983	12	5.11	69.44
12	12	1983	12	8.96	1.09
13	12	1983	12	8.06	0.1
14	12	1983	12	5.89	2.64
15	12	1983	12	2.68	0.09
16	12	1983	12	2.49	0.07
17	12	1983	12	2.54	0.03
18	12	1983	12	1.14	0
19	12	1983	12	1.14	0
20	12	1983	12	-0.02	0.8
21	12	1983	12	0.77	19.57
22	12	1983	12	4.28	2.34
23	12	1983	12	0.92	0.07
24	12	1983	12	-7.37	0
25	12	1983	12	-12.72	0
26	12	1983	12	-9.78	0.76
27	12	1983	12	-4.49	3.24
28	12	1983	12	2.60	46.77
29	12	1983	12	-0.86	0.03
30	12	1983	12	-9.34	0
31	12	1983	12	-6.28	0.02
1	1	1984	1	-2.27	0
2	1	1984	1	-1.44	0
3	1	1984	1	1.23	0
4	1	1984	1	1.64	0.31
5	1	1984	1	3.33	0.14
6	1	1984	1	5.08	0.01
7	1	1984	1	2.44	0
8	1	1984	1	3.23	0.01
9	1	1984	1	5.36	0.02
10	1	1984	1	4.05	24.1
11	1	1984	1	-0.01	0.02
12	1	1984	1	-2.72	0.01
13	1	1984	1	-1.83	0.58
14	1	1984	1	1.61	0.05
15	1	1984	1	0.14	0.05
16	1	1984	1	1.39	0.31
17	1	1984	1	2.21	0.01
18	1	1984	1	2.65	24.07
19	1	1984	1	-2.22	0.1
20	1	1984	1	-6.48	0
21	1	1984	1	-6.79	0
22	1	1984	1	-5.14	0.04
23	1	1984	1	-2.46	6.32
24	1	1984	1	3.27	23.28
25	1	1984	1	5.42	0.01
26	1	1984	1	3.76	0
27	1	1984	1	5.38	0.27
28	1	1984	1	2.94	0
29	1	1984	1	3.31	0.01
30	1	1984	1	2.62	0.22
31	1	1984	1	-2.03	0.08
1	2	1984	2	-0.77	0
2	2	1984	2	2.58	0.03
3	2	1984	2	4.34	2.28
4	2	1984	2	5.26	0.26
5	2	1984	2	0.86	2.32
6	2	1984	2	-5.71	3.36
7	2	1984	2	-7.25	0.01
8	2	1984	2	-1.98	0.02
9	2	1984	2	3.67	0.06
10	2	1984	2	4.25	6.26
11	2	1984	2	9.95	0.27
12	2	1984	2	8.83	4.14
13	2	1984	2	10.18	78.95
14	2	1984	2	9.23	9.27
15	2	1984	2	7.93	0
16	2	1984	2	7.82	0
17	2	1984	2	8.59	0
18	2	1984	2	8.28	0
19	2	1984	2	10.64	1.03
20	2	1984	2	8.54	0
21	2	1984	2	6.06	0.14
22	2	1984	2	3.83	3.38
23	2	1984	2	3.83	26.7
24	2	1984	2	7.42	2.06
25	2	1984	2	4.50	0.17
26	2	1984	2	2.44	0.14
27	2	1984	2	2.71	40.52
28	2	1984	2	-0.16	4.4
29	2	1984	2	-3.52	0.68
1	3	1984	3	-2.12	0
2	3	1984	3	2.15	0
3	3	1984	3	3.34	0
4	3	1984	3	3.48	0
5	3	1984	3	7.43	17.97
6	3	1984	3	7.14	8.09
7	3	1984	3	2.73	0.02
8	3	1984	3	3.10	0
9	3	1984	3	-0.91	0.02
10	3	1984	3	-0.93	0.06
11	3	1984	3	0.92	0
12	3	1984	3	2.35	0.85
13	3	1984	3	6.23	9.85
14	3	1984	3	9.35	0.01
15	3	1984	3	11.12	0
16	3	1984	3	12.83	0.32
17	3	1984	3	10.58	1.1
18	3	1984	3	10.78	1.91
19	3	1984	3	15.59	0.63
20	3	1984	3	13.31	45.19
21	3	1984	3	4.74	1.86
22	3	1984	3	7.39	0
23	3	1984	3	7.76	0.08
24	3	1984	3	9.22	6.73
25	3	1984	3	12.18	0.6
26	3	1984	3	9.70	0.52
27	3	1984	3	8.24	4.56
28	3	1984	3	12.17	41.39
29	3	1984	3	5.66	0.53
30	3	1984	3	4.83	0.01
31	3	1984	3	5.34	0
1	4	1984	4	6.77	0
2	4	1984	4	7.80	0.01
3	4	1984	4	8.88	13.04
4	4	1984	4	11.47	30.82
5	4	1984	4	7.62	0.19
6	4	1984	4	8.08	0.19
7	4	1984	4	10.78	0.03
8	4	1984	4	10.73	0.05
9	4	1984	4	7.92	42.2
10	4	1984	4	5.89	0.25
11	4	1984	4	10.80	0.08
12	4	1984	4	10.34	0
13	4	1984	4	14.08	0.96
14	4	1984	4	14.43	3.63
15	4	1984	4	10.31	0.77
16	4	1984	4	8.61	0.45
17	4	1984	4	7.38	0.61
18	4	1984	4	7.00	0.03
19	4	1984	4	4.19	3.04
20	4	1984	4	7.35	5.93
21	4	1984	4	13.36	0.03
22	4	1984	4	10.80	19.14
23	4	1984	4	10.22	0.16
24	4	1984	4	9.14	0.19
25	4	1984	4	14.46	0.12
26	4	1984	4	16.74	0.08
27	4	1984	4	15.87	12.94
28	4	1984	4	16.37	0.98
29	4	1984	4	16.40	1.51
30	4	1984	4	17.24	6.7
1	5	1984	5	13.23	0.1
2	5	1984	5	11.69	10.12
3	5	1984	5	12.61	36.88
4	5	1984	5	14.96	5.75
5	5	1984	5	13.84	0
6	5	1984	5	15.16	36.78
7	5	1984	5	17.15	39.94
8	5	1984	5	15.48	18.06
9	5	1984	5	9.16	0.39
10	5	1984	5	10.66	0
11	5	1984	5	13.96	0
12	5	1984	5	15.87	0.01
13	5	1984	5	17.47	1.05
14	5	1984	5	18.26	0.31
15	5	1984	5	13.19	0
16	5	1984	5	10.64	0
17	5	1984	5	11.27	0
18	5	1984	5	14.11	0
19	5	1984	5	16.90	0
20	5	1984	5	17.97	0.01
21	5	1984	5	18.28	0.35
22	5	1984	5	20.11	3.1
23	5	1984	5	19.88	2.16
24	5	1984	5	16.11	0.01
25	5	1984	5	16.41	0
26	5	1984	5	20.01	7.02
27	5	1984	5	20.19	8.47
28	5	1984	5	20.82	19.08
29	5	1984	5	17.53	1.93
30	5	1984	5	10.49	0.01
31	5	1984	5	10.16	0.01
1	6	1984	6	12.74	0
2	6	1984	6	17.84	0
3	6	1984	6	20.21	0
4	6	1984	6	19.87	0.02
5	6	1984	6	21.23	0.06
6	6	1984	6	21.41	1.21
7	6	1984	6	22.00	0.03
8	6	1984	6	22.13	0.09
9	6	1984	6	21.30	0
10	6	1984	6	21.40	1.6
11	6	1984	6	22.19	0.08
12	6	1984	6	22.11	8.51
13	6	1984	6	21.80	2.75
14	6	1984	6	21.94	7.78
15	6	1984	6	22.11	1.98
16	6	1984	6	21.92	8.16
17	6	1984	6	22.05	5.01
18	6	1984	6	22.78	0.01
19	6	1984	6	23.23	1.25
20	6	1984	6	23.34	13.15
21	6	1984	6	21.27	23.36
22	6	1984	6	18.86	16.35
23	6	1984	6	19.72	0.34
24	6	1984	6	21.25	8.01
25	6	1984	6	19.87	0
26	6	1984	6	18.22	0
27	6	1984	6	19.19	15.39
28	6	1984	6	20.29	0.51
29	6	1984	6	20.03	19.38
30	6	1984	6	18.80	5.1
1	7	1984	7	18.44	1.89
2	7	1984	7	19.20	8.63
3	7	1984	7	19.50	0.07
4	7	1984	7	20.99	2.94
5	7	1984	7	21.84	11
6	7	1984	7	21.87	3.83
7	7	1984	7	21.61	0.27
8	7	1984	7	20.11	0.01
9	7	1984	7	20.39	0
10	7	1984	7	22.75	0.01
11	7	1984	7	23.96	0.13
12	7	1984	7	23.02	7.78
13	7	1984	7	22.29	5.02
14	7	1984	7	22.91	8.73
15	7	1984	7	22.66	7.06
16	7	1984	7	22.16	5.87
17	7	1984	7	20.61	33.39
18	7	1984	7	21.22	11.78
19	7	1984	7	18.99	0.08
20	7	1984	7	20.28	1.8
21	7	1984	7	20.61	1.1
22	7	1984	7	20.04	1.5
23	7	1984	7	20.86	0.19
24	7	1984	7	21.94	0.81
25	7	1984	7	23.05	2.1
26	7	1984	7	22.46	6.09
27	7	1984	7	21.48	7.98
28	7	1984	7	19.47	22.91
29	7	1984	7	17.42	11.13
30	7	1984	7	17.72	13.81
31	7	1984	7	18.09	8.68
1	8	1984	8	20.74	6.19
2	8	1984	8	22.64	2.06
3	8	1984	8	22.72	2.75
4	8	1984	8	22.91	2.56
5	8	1984	8	22.07	3.28
6	8	1984	8	22.42	2.14
7	8	1984	8	21.99	0.48
8	8	1984	8	22.38	2.58
9	8	1984	8	22.58	11.9
10	8	1984	8	22.67	11.45
11	8	1984	8	21.97	5.17
12	8	1984	8	21.64	11.6
13	8	1984	8	21.98	14.41
14	8	1984	8	22.42	2.26
15	8	1984	8	21.68	1.12
16	8	1984	8	21.59	6.26
17	8	1984	8	21.75	0.12
18	8	1984	8	20.49	4.16
19	8	1984	8	21.22	1.07
20	8	1984	8	21.04	0.44
21	8	1984	8	20.56	0.6
22	8	1984	8	21.14	0.01
23	8	1984	8	20.89	1.87
24	8	1984	8	19.18	0.07
25	8	1984	8	19.26	4.61
26	8	1984	8	19.90	4.56
27	8	1984	8	20.53	1.18
28	8	1984	8	20.33	8.4
29	8	1984	8	21.39	4.73
30	8	1984	8	21.09	1.39
31	8	1984	8	21.10	0.44
1	9	1984	9	19.88	0
2	9	1984	9	20.94	0
3	9	1984	9	21.45	0.99
4	9	1984	9	19.02	0.07
5	9	1984	9	16.22	0.01
6	9	1984	9	14.99	0
7	9	1984	9	14.50	0
8	9	1984	9	14.06	0
9	9	1984	9	15.46	0
10	9	1984	9	18.05	0
11	9	1984	9	19.59	0.13
12	9	1984	9	20.99	0
13	9	1984	9	20.95	0
14	9	1984	9	21.20	0
15	9	1984	9	19.09	0.1
16	9	1984	9	13.94	0
17	9	1984	9	11.20	0
18	9	1984	9	11.84	0
19	9	1984	9	14.13	0
20	9	1984	9	16.01	0
21	9	1984	9	17.38	0.01
22	9	1984	9	17.47	0
23	9	1984	9	18.99	0
24	9	1984	9	18.94	0
25	9	1984	9	20.66	0
26	9	1984	9	18.23	0
27	9	1984	9	15.04	0
28	9	1984	9	13.97	0.03
29	9	1984	9	13.47	0.21
30	9	1984	9	11.40	7.97
1	10	1984	10	8.70	0.04
2	10	1984	10	9.63	0
3	10	1984	10	10.47	0
4	10	1984	10	13.60	0
5	10	1984	10	15.43	0
6	10	1984	10	15.73	0.04
7	10	1984	10	15.25	0.26
8	10	1984	10	16.43	0.8
9	10	1984	10	16.65	2.45
10	10	1984	10	17.32	0.13
11	10	1984	10	16.66	0
12	10	1984	10	15.22	0.01
13	10	1984	10	15.42	0
14	10	1984	10	16.34	0
15	10	1984	10	16.49	0.04
16	10	1984	10	17.88	0.05
17	10	1984	10	17.83	2.9
18	10	1984	10	19.07	0.42
19	10	1984	10	19.85	0.01
20	10	1984	10	18.88	9.4
21	10	1984	10	18.42	4
22	10	1984	10	18.92	15.38
23	10	1984	10	17.45	10.38
24	10	1984	10	17.82	7.53
25	10	1984	10	19.35	2.98
26	10	1984	10	17.86	0.28
27	10	1984	10	15.80	0.27
28	10	1984	10	18.06	11.69
29	10	1984	10	19.79	6.21
30	10	1984	10	18.81	0.1
31	10	1984	10	16.96	0
1	11	1984	11	16.10	0.07
2	11	1984	11	14.72	1.99
3	11	1984	11	10.50	0.06
4	11	1984	11	8.95	14.66
5	11	1984	11	11.08	0.85
6	11	1984	11	5.57	0.07
7	11	1984	11	4.04	0.01
8	11	1984	11	4.85	0
9	11	1984	11	7.71	0
10	11	1984	11	7.58	28.46
11	11	1984	11	5.90	0.27
12	11	1984	11	2.25	0.23
13	11	1984	11	2.37	0.02
14	11	1984	11	4.11	0.01
15	11	1984	11	6.77	0.33
16	11	1984	11	7.47	0.04
17	11	1984	11	3.81	0.03
18	11	1984	11	5.38	0.06
19	11	1984	11	10.83	6.93
20	11	1984	11	3.98	0.09
21	11	1984	11	-1.46	0
22	11	1984	11	-0.04	0
23	11	1984	11	3.19	0
24	11	1984	11	5.17	0
25	11	1984	11	5.64	0
26	11	1984	11	6.40	0.12
27	11	1984	11	9.34	2.05
28	11	1984	11	8.59	36.01
29	11	1984	11	3.19	0.02
30	11	1984	11	3.64	0.19
1	12	1984	12	5.00	0
2	12	1984	12	4.36	12.44
3	12	1984	12	7.18	0.54
4	12	1984	12	1.49	0.5
5	12	1984	12	0.88	25.7
6	12	1984	12	-1.14	0.5
7	12	1984	12	-5.09	0.61
8	12	1984	12	1.92	0
9	12	1984	12	4.23	0.03
10	12	1984	12	4.47	0.04
11	12	1984	12	8.83	0.01
12	12	1984	12	7.30	0
13	12	1984	12	10.76	0
14	12	1984	12	11.80	0
15	12	1984	12	11.54	0
16	12	1984	12	10.53	0
17	12	1984	12	12.08	0.02
18	12	1984	12	13.11	0
19	12	1984	12	13.44	0.09
20	12	1984	12	12.60	2.67
21	12	1984	12	13.00	0.36
22	12	1984	12	10.93	5.55
23	12	1984	12	4.86	0.47
24	12	1984	12	4.11	0.99
25	12	1984	12	7.21	1.07
26	12	1984	12	4.48	0
27	12	1984	12	10.88	0
28	12	1984	12	11.95	0.01
29	12	1984	12	12.65	0.02
30	12	1984	12	13.46	0.02
31	12	1984	12	13.74	0.17
1	1	1985	1	13.71	1.85
2	1	1985	1	11.06	18.42
3	1	1985	1	6.32	22.69
4	1	1985	1	2.03	12.88
5	1	1985	1	-1.18	0.19
6	1	1985	1	-0.29	0.06
7	1	1985	1	1.73	0
8	1	1985	1	0.96	0
9	1	1985	1	-1.21	0
10	1	1985	1	-0.51	0.34
11	1	1985	1	0.32	0.9
12	1	1985	1	-4.77	0.47
13	1	1985	1	-3.39	0
14	1	1985	1	-0.89	0
15	1	1985	1	-3.23	0.08
16	1	1985	1	-3.24	3.46
17	1	1985	1	0.00	5.18
18	1	1985	1	0.83	0.01
19	1	1985	1	1.65	0.16
20	1	1985	1	-7.57	0.38
21	1	1985	1	-9.89	0
22	1	1985	1	-7.39	0
23	1	1985	1	-5.43	0
24	1	1985	1	-0.91	0
25	1	1985	1	0.01	0.04
26	1	1985	1	-6.47	0.02
27	1	1985	1	-4.86	0.21
28	1	1985	1	-2.10	5.72
29	1	1985	1	-1.72	0.16
30	1	1985	1	-0.42	1.12
31	1	1985	1	5.50	30.63
1	2	1985	2	7.62	32.71
2	2	1985	2	6.73	14.15
3	2	1985	2	0.09	0.04
4	2	1985	2	0.03	0
5	2	1985	2	-0.21	14.16
6	2	1985	2	2.66	0.08
7	2	1985	2	-1.78	0
8	2	1985	2	-5.86	0.01
9	2	1985	2	-2.28	0.29
10	2	1985	2	2.37	0
11	2	1985	2	2.29	42.33
12	2	1985	2	-1.50	7.11
13	2	1985	2	-3.36	1.2
14	2	1985	2	-2.38	0
15	2	1985	2	-3.74	0.11
16	2	1985	2	-3.14	0.07
17	2	1985	2	1.30	0.01
18	2	1985	2	2.37	0.2
19	2	1985	2	4.19	1.69
20	2	1985	2	6.50	0.29
21	2	1985	2	5.35	0.01
22	2	1985	2	8.44	0.02
23	2	1985	2	11.65	0.05
24	2	1985	2	13.63	0.36
25	2	1985	2	12.20	21.35
26	2	1985	2	13.28	0.26
27	2	1985	2	9.52	0.05
28	2	1985	2	5.04	0.01
1	3	1985	3	4.75	0.18
2	3	1985	3	7.76	0.03
3	3	1985	3	7.12	0
4	3	1985	3	10.57	0.1
5	3	1985	3	11.30	0.84
6	3	1985	3	6.80	0
7	3	1985	3	5.42	0.01
8	3	1985	3	10.46	1.9
9	3	1985	3	12.11	0.23
10	3	1985	3	8.92	0
11	3	1985	3	10.89	0.01
12	3	1985	3	11.87	0.32
13	3	1985	3	10.41	0.09
14	3	1985	3	10.25	0.03
15	3	1985	3	7.24	0.02
16	3	1985	3	5.28	0.31
17	3	1985	3	7.09	0.12
18	3	1985	3	2.36	0.05
19	3	1985	3	4.05	0
20	3	1985	3	7.16	0
21	3	1985	3	7.24	5.35
22	3	1985	3	3.39	14.66
23	3	1985	3	8.30	0.17
24	3	1985	3	8.13	4.53
25	3	1985	3	5.26	0.14
26	3	1985	3	7.36	0
27	3	1985	3	9.85	0
28	3	1985	3	13.08	0.03
29	3	1985	3	17.81	0
30	3	1985	3	19.51	0.33
31	3	1985	3	16.35	6.23
1	4	1985	4	9.24	0.07
2	4	1985	4	6.04	0
3	4	1985	4	8.80	0
4	4	1985	4	13.55	0.03
5	4	1985	4	14.75	25.87
6	4	1985	4	10.09	0.01
7	4	1985	4	9.47	0.1
8	4	1985	4	5.51	0.66
9	4	1985	4	3.59	0.01
10	4	1985	4	3.54	0
11	4	1985	4	9.46	0
12	4	1985	4	12.28	0.01
13	4	1985	4	13.57	3.41
14	4	1985	4	12.82	3.23
15	4	1985	4	13.44	34.55
16	4	1985	4	13.24	7.36
17	4	1985	4	16.18	0.18
18	4	1985	4	16.17	0
19	4	1985	4	17.41	0
20	4	1985	4	17.69	0
21	4	1985	4	17.76	0
22	4	1985	4	17.40	0
23	4	1985	4	17.40	0.02
24	4	1985	4	16.84	6.43
25	4	1985	4	16.94	0.21
26	4	1985	4	15.88	0.02
27	4	1985	4	17.73	1.11
28	4	1985	4	19.22	1.03
29	4	1985	4	18.05	0.01
30	4	1985	4	14.41	0
1	5	1985	5	14.14	0.09
2	5	1985	5	14.74	11.42
3	5	1985	5	15.06	0.79
4	5	1985	5	11.97	0
5	5	1985	5	13.88	0
6	5	1985	5	15.76	0.18
7	5	1985	5	16.64	0.2
8	5	1985	5	13.82	11.38
9	5	1985	5	11.00	7.46
10	5	1985	5	15.40	2.27
11	5	1985	5	18.35	6.54
12	5	1985	5	19.69	20.27
13	5	1985	5	20.15	4.94
14	5	1985	5	20.61	0.93
15	5	1985	5	20.61	1.34
16	5	1985	5	19.01	5.91
17	5	1985	5	14.69	2.46
18	5	1985	5	13.88	0.41
19	5	1985	5	14.13	0
20	5	1985	5	16.25	0
21	5	1985	5	18.01	0.41
22	5	1985	5	19.70	2.99
23	5	1985	5	19.09	0.99
24	5	1985	5	14.18	0.51
25	5	1985	5	16.44	0.01
26	5	1985	5	16.13	0
27	5	1985	5	17.79	0
28	5	1985	5	16.74	3.05
29	5	1985	5	18.50	0.41
30	5	1985	5	19.35	0.16
31	5	1985	5	21.65	0
1	6	1985	6	23.99	0.03
2	6	1985	6	20.87	3.46
3	6	1985	6	22.63	1.33
4	6	1985	6	23.81	0.19
5	6	1985	6	24.16	1.23
6	6	1985	6	23.41	0.48
7	6	1985	6	21.99	20.31
8	6	1985	6	20.00	0.13
9	6	1985	6	21.63	0
10	6	1985	6	22.54	1.74
11	6	1985	6	21.90	3.58
12	6	1985	6	19.85	4.55
13	6	1985	6	14.01	0.02
14	6	1985	6	14.14	0.13
15	6	1985	6	16.29	0.99
16	6	1985	6	20.31	0.5
17	6	1985	6	20.96	4.17
18	6	1985	6	21.02	0.64
19	6	1985	6	18.13	0.22
20	6	1985	6	16.08	0.31
21	6	1985	6	17.08	0.4
22	6	1985	6	18.18	0.46
23	6	1985	6	21.54	7.96
24	6	1985	6	22.16	2.3
25	6	1985	6	21.48	3.38
26	6	1985	6	21.76	1.08
27	6	1985	6	20.71	0.12
28	6	1985	6	19.57	8.64
29	6	1985	6	19.90	11.49
30	6	1985	6	18.86	13.14
1	7	1985	7	18.00	17.35
2	7	1985	7	19.18	0.23
3	7	1985	7	19.09	0.16
4	7	1985	7	19.57	10.87
5	7	1985	7	20.12	1.17
6	7	1985	7	19.29	10.1
7	7	1985	7	20.93	0.67
8	7	1985	7	20.61	0.07
9	7	1985	7	22.08	1.67
10	7	1985	7	23.49	2.57
11	7	1985	7	22.42	2.82
12	7	1985	7	22.99	7.28
13	7	1985	7	22.78	4.43
14	7	1985	7	23.19	5.09
15	7	1985	7	23.26	5.43
16	7	1985	7	22.83	1.46
17	7	1985	7	22.29	0.13
18	7	1985	7	22.47	0.12
19	7	1985	7	23.39	0
20	7	1985	7	23.51	0.1
21	7	1985	7	23.78	4.89
22	7	1985	7	23.01	8.95
23	7	1985	7	21.57	0.85
24	7	1985	7	19.11	17.64
25	7	1985	7	21.16	22.22
26	7	1985	7	22.41	5.42
27	7	1985	7	20.94	4.22
28	7	1985	7	19.19	21.36
29	7	1985	7	21.02	4.58
30	7	1985	7	22.80	8.86
31	7	1985	7	23.03	9.68
1	8	1985	8	21.51	8.13
2	8	1985	8	19.72	0.27
3	8	1985	8	17.90	0.08
4	8	1985	8	17.22	0.06
5	8	1985	8	16.87	0.05
6	8	1985	8	19.11	2.6
7	8	1985	8	20.74	12.76
8	8	1985	8	21.92	3.77
9	8	1985	8	22.59	0.99
10	8	1985	8	22.49	0.66
11	8	1985	8	23.01	2.27
12	8	1985	8	23.00	1.4
13	8	1985	8	23.10	0.16
14	8	1985	8	21.95	0.09
15	8	1985	8	21.86	3.66
16	8	1985	8	21.43	11.66
17	8	1985	8	20.43	89.81
18	8	1985	8	22.07	0.19
19	8	1985	8	22.25	0
20	8	1985	8	22.35	3.14
21	8	1985	8	21.64	0.1
22	8	1985	8	19.15	0.03
23	8	1985	8	17.74	0.5
24	8	1985	8	18.48	18.44
25	8	1985	8	20.18	10.27
26	8	1985	8	20.55	11.1
27	8	1985	8	20.91	4.06
28	8	1985	8	21.61	1.69
29	8	1985	8	21.38	5.62
30	8	1985	8	21.74	1.57
31	8	1985	8	20.47	0.47
1	9	1985	9	20.33	0.04
2	9	1985	9	21.18	0.02
3	9	1985	9	21.42	0.1
4	9	1985	9	21.78	0.1
5	9	1985	9	22.53	0.11
6	9	1985	9	21.81	3.27
7	9	1985	9	22.86	1.6
8	9	1985	9	23.39	1.85
9	9	1985	9	22.79	1.92
10	9	1985	9	22.54	7.09
11	9	1985	9	21.66	1.38
12	9	1985	9	18.76	0.79
13	9	1985	9	14.69	0.02
14	9	1985	9	10.76	0.02
15	9	1985	9	11.91	0
16	9	1985	9	13.28	0
17	9	1985	9	13.84	0
18	9	1985	9	14.78	0.03
19	9	1985	9	15.86	0
20	9	1985	9	15.78	0
21	9	1985	9	16.68	0.01
22	9	1985	9	18.52	0.26
23	9	1985	9	17.91	3.46
24	9	1985	9	19.17	0.72
25	9	1985	9	16.59	0.03
26	9	1985	9	17.01	7.27
27	9	1985	9	13.25	0.04
28	9	1985	9	11.69	0
29	9	1985	9	12.26	0
30	9	1985	9	14.35	0.25
1	10	1985	10	15.38	12.08
2	10	1985	10	16.85	15.6
3	10	1985	10	18.55	3.86
4	10	1985	10	18.91	0.01
5	10	1985	10	14.25	0
6	10	1985	10	9.08	0
7	10	1985	10	9.07	0
8	10	1985	10	10.60	0
9	10	1985	10	16.09	0
10	10	1985	10	16.88	0
11	10	1985	10	17.54	0
12	10	1985	10	17.87	0.01
13	10	1985	10	19.06	0.66
14	10	1985	10	19.62	0.09
15	10	1985	10	19.74	0.21
16	10	1985	10	18.71	1.09
17	10	1985	10	16.09	0
18	10	1985	10	16.31	0
19	10	1985	10	18.16	0
20	10	1985	10	18.43	0.13
21	10	1985	10	15.64	19.07
22	10	1985	10	14.41	6.25
23	10	1985	10	14.30	4.23
24	10	1985	10	15.89	2.43
25	10	1985	10	17.87	0.07
26	10	1985	10	15.14	0
27	10	1985	10	12.67	0.02
28	10	1985	10	14.81	0.5
29	10	1985	10	10.99	0.09
30	10	1985	10	9.05	23.43
31	10	1985	10	11.09	25.74
1	11	1985	11	13.38	38.98
2	11	1985	11	14.10	1.37
3	11	1985	11	12.11	6.77
4	11	1985	11	8.40	24.42
5	11	1985	11	4.66	0.58
6	11	1985	11	9.10	0.02
7	11	1985	11	8.40	0.08
8	11	1985	11	6.99	0
9	11	1985	11	7.10	0
10	11	1985	11	11.31	0
11	11	1985	11	13.05	0
12	11	1985	11	14.39	0.6
13	11	1985	11	16.71	0.91
14	11	1985	11	15.57	0.01
15	11	1985	11	15.19	0.02
16	11	1985	11	13.76	7.2
17	11	1985	11	16.84	1.59
18	11	1985	11	16.08	0.01
19	11	1985	11	17.04	0.14
20	11	1985	11	17.35	0.97
21	11	1985	11	14.67	43.34
22	11	1985	11	11.79	7.18
23	11	1985	11	10.08	0.01
24	11	1985	11	9.39	0.48
25	11	1985	11	12.09	0.39
26	11	1985	11	14.69	0.08
27	11	1985	11	16.33	1.19
28	11	1985	11	16.42	4.87
29	11	1985	11	14.70	9.83
30	11	1985	11	12.19	41.09
1	12	1985	12	9.71	6.45
2	12	1985	12	3.74	0.71
3	12	1985	12	-1.27	0
4	12	1985	12	0.15	0
5	12	1985	12	2.19	0.21
6	12	1985	12	0.34	0.08
7	12	1985	12	0.84	0.01
8	12	1985	12	4.48	0
9	12	1985	12	8.19	0
10	12	1985	12	8.29	0.94
11	12	1985	12	8.35	5.95
12	12	1985	12	12.16	3.15
13	12	1985	12	11.16	4.25
14	12	1985	12	-0.98	0.26
15	12	1985	12	-3.27	0
16	12	1985	12	-0.09	0
17	12	1985	12	1.81	0
18	12	1985	12	-0.15	0
19	12	1985	12	-3.58	0.03
20	12	1985	12	-3.41	0.52
21	12	1985	12	-5.80	0.05
22	12	1985	12	-2.86	0.02
23	12	1985	12	3.40	0.01
24	12	1985	12	1.87	0.15
25	12	1985	12	-5.98	0.22
26	12	1985	12	-8.95	0.01
27	12	1985	12	-1.29	0.01
28	12	1985	12	-0.07	0
29	12	1985	12	-1.61	0
30	12	1985	12	-1.53	0.16
31	12	1985	12	-0.72	7.68
1	1	1986	1	2.73	0.03
2	1	1986	1	1.26	0.25
3	1	1986	1	5.71	0
4	1	1986	1	2.80	0
5	1	1986	1	0.04	0.07
6	1	1986	1	-1.04	0
7	1	1986	1	-0.45	0
8	1	1986	1	-3.51	0
9	1	1986	1	-1.29	0
10	1	1986	1	2.70	0
11	1	1986	1	2.96	0
12	1	1986	1	3.66	0
13	1	1986	1	0.73	0.07
14	1	1986	1	-0.41	0
15	1	1986	1	1.20	0
16	1	1986	1	4.14	0
17	1	1986	1	5.92	0.28
18	1	1986	1	8.58	16.41
19	1	1986	1	6.26	8.52
20	1	1986	1	2.53	0.24
21	1	1986	1	6.23	0.01
22	1	1986	1	7.03	0.01
23	1	1986	1	4.13	0.01
24	1	1986	1	-0.46	0.04
25	1	1986	1	0.35	3.61
26	1	1986	1	-0.52	5.19
27	1	1986	1	-9.71	0.44
28	1	1986	1	-10.03	0.01
29	1	1986	1	-2.01	0.04
30	1	1986	1	0.75	0.01
31	1	1986	1	3.70	0
1	2	1986	2	3.92	0
2	2	1986	2	7.76	0.04
3	2	1986	2	11.23	0.04
4	2	1986	2	12.40	0.12
5	2	1986	2	12.39	3
6	2	1986	2	8.46	6.41
7	2	1986	2	7.87	0
8	2	1986	2	6.44	0.16
9	2	1986	2	5.69	0.12
10	2	1986	2	5.18	5.57
11	2	1986	2	1.46	0.67
12	2	1986	2	-4.33	0.02
13	2	1986	2	-6.40	0.28
14	2	1986	2	-4.12	10.44
15	2	1986	2	-0.32	0.09
16	2	1986	2	4.18	0.62
17	2	1986	2	6.45	20.04
18	2	1986	2	11.69	6.87
19	2	1986	2	11.86	0.91
20	2	1986	2	13.18	0
21	2	1986	2	12.86	0.01
22	2	1986	2	8.71	0.17
23	2	1986	2	5.58	0.03
24	2	1986	2	2.91	0.66
25	2	1986	2	1.42	0.04
26	2	1986	2	3.25	0.71
27	2	1986	2	4.73	3.18
28	2	1986	2	-0.33	0.1
1	3	1986	3	-2.51	0
2	3	1986	3	0.33	0.04
3	3	1986	3	4.62	0.04
4	3	1986	3	2.94	0.08
5	3	1986	3	3.64	0.02
6	3	1986	3	3.75	0.06
7	3	1986	3	2.63	0.02
8	3	1986	3	0.93	0.02
9	3	1986	3	6.04	0.08
10	3	1986	3	10.11	3.14
11	3	1986	3	16.01	3.1
12	3	1986	3	11.90	1.89
13	3	1986	3	10.73	41.02
14	3	1986	3	9.86	12.37
15	3	1986	3	10.16	2.44
16	3	1986	3	9.27	0.02
17	3	1986	3	8.77	0
18	3	1986	3	10.23	0.93
19	3	1986	3	13.38	21.47
20	3	1986	3	6.31	0.73
21	3	1986	3	-1.10	0
22	3	1986	3	0.41	0
23	3	1986	3	5.31	0.01
24	3	1986	3	9.25	0.01
25	3	1986	3	9.96	0
26	3	1986	3	11.58	0.01
27	3	1986	3	11.01	0.08
28	3	1986	3	9.81	0
29	3	1986	3	11.28	0
30	3	1986	3	13.06	0.02
31	3	1986	3	14.77	0.05
1	4	1986	4	15.20	0.05
2	4	1986	4	15.51	0
3	4	1986	4	15.16	0.01
4	4	1986	4	16.61	0
5	4	1986	4	16.92	0.03
6	4	1986	4	17.17	0.2
7	4	1986	4	17.29	0.46
8	4	1986	4	14.61	8.25
9	4	1986	4	8.78	0
10	4	1986	4	8.30	0.05
11	4	1986	4	9.64	0.02
12	4	1986	4	11.27	0
13	4	1986	4	12.05	0
14	4	1986	4	13.42	0.04
15	4	1986	4	14.74	0.05
16	4	1986	4	7.83	1.2
17	4	1986	4	4.40	0.01
18	4	1986	4	11.52	0.01
19	4	1986	4	12.80	0.37
20	4	1986	4	12.32	7.56
21	4	1986	4	11.55	2.54
22	4	1986	4	6.36	0.15
23	4	1986	4	5.32	0
24	4	1986	4	10.57	0
25	4	1986	4	15.18	0
26	4	1986	4	18.59	0.02
27	4	1986	4	19.53	0.09
28	4	1986	4	18.82	2.02
29	4	1986	4	16.54	0.15
30	4	1986	4	16.59	0
1	5	1986	5	17.98	0
2	5	1986	5	15.72	0
3	5	1986	5	11.73	0
4	5	1986	5	10.02	0
5	5	1986	5	13.60	0
6	5	1986	5	17.49	2.47
7	5	1986	5	18.60	1.81
8	5	1986	5	18.93	0.06
9	5	1986	5	16.16	0.01
10	5	1986	5	15.41	0.6
11	5	1986	5	16.28	0.39
12	5	1986	5	17.22	6.45
13	5	1986	5	17.24	6.9
14	5	1986	5	17.20	0.51
15	5	1986	5	18.19	0.24
16	5	1986	5	18.74	7.12
17	5	1986	5	19.08	2.21
18	5	1986	5	19.11	7.69
19	5	1986	5	16.96	13.57
20	5	1986	5	15.47	2.23
21	5	1986	5	13.22	0.06
22	5	1986	5	12.36	0.17
23	5	1986	5	12.78	9.81
24	5	1986	5	17.08	0.44
25	5	1986	5	18.16	6.06
26	5	1986	5	17.38	18.02
27	5	1986	5	18.39	24.09
28	5	1986	5	19.61	3.16
29	5	1986	5	20.33	2.96
30	5	1986	5	20.89	0.2
31	5	1986	5	20.60	0.07
1	6	1986	6	20.43	9.85
2	6	1986	6	21.10	1.16
3	6	1986	6	18.11	0.11
4	6	1986	6	18.77	0.03
5	6	1986	6	20.39	0.28
6	6	1986	6	21.24	3.59
7	6	1986	6	22.49	4.68
8	6	1986	6	22.47	0.85
9	6	1986	6	22.26	20.72
10	6	1986	6	21.58	6.08
11	6	1986	6	23.10	3.97
12	6	1986	6	22.76	0
13	6	1986	6	20.45	0.03
14	6	1986	6	20.52	0.01
15	6	1986	6	21.09	0.05
16	6	1986	6	21.81	0.07
17	6	1986	6	21.39	0.18
18	6	1986	6	20.66	0.04
19	6	1986	6	19.68	0
20	6	1986	6	21.48	0.01
21	6	1986	6	21.92	0
22	6	1986	6	21.90	0
23	6	1986	6	22.88	0
24	6	1986	6	22.72	1.22
25	6	1986	6	21.32	0.11
26	6	1986	6	21.46	0.01
27	6	1986	6	22.51	3.38
28	6	1986	6	23.84	2.97
29	6	1986	6	23.13	5.82
30	6	1986	6	23.24	4.45
1	7	1986	7	23.37	5.63
2	7	1986	7	22.64	10
3	7	1986	7	19.95	0.1
4	7	1986	7	19.40	0.02
5	7	1986	7	21.43	0
6	7	1986	7	22.09	0
7	7	1986	7	23.62	0.05
8	7	1986	7	24.66	0.2
9	7	1986	7	25.01	0.29
10	7	1986	7	23.82	6.39
11	7	1986	7	23.92	1.3
12	7	1986	7	24.15	0.06
13	7	1986	7	23.88	2.14
14	7	1986	7	24.35	2.36
15	7	1986	7	23.85	3.97
16	7	1986	7	23.99	0.14
17	7	1986	7	25.13	0.59
18	7	1986	7	25.48	0.25
19	7	1986	7	25.74	0.04
20	7	1986	7	25.39	0
21	7	1986	7	25.65	1.58
22	7	1986	7	24.83	3.03
23	7	1986	7	24.60	4.62
24	7	1986	7	23.80	6.28
25	7	1986	7	24.19	7.74
26	7	1986	7	24.58	3.53
27	7	1986	7	24.32	6.68
28	7	1986	7	24.01	0.41
29	7	1986	7	24.55	0.33
30	7	1986	7	22.81	0.09
31	7	1986	7	20.80	0
1	8	1986	8	22.44	0.99
2	8	1986	8	22.94	1.32
3	8	1986	8	23.03	2.47
4	8	1986	8	21.76	4.69
5	8	1986	8	22.21	2.32
6	8	1986	8	21.96	8.58
7	8	1986	8	23.01	7.46
8	8	1986	8	23.16	2.91
9	8	1986	8	22.43	6.61
10	8	1986	8	22.70	0.97
11	8	1986	8	21.41	12.03
12	8	1986	8	19.95	7.64
13	8	1986	8	20.42	2
14	8	1986	8	21.33	2.01
15	8	1986	8	22.47	4.6
16	8	1986	8	22.99	1.21
17	8	1986	8	20.90	42.51
18	8	1986	8	21.25	10.27
19	8	1986	8	20.00	2.33
20	8	1986	8	21.02	2.91
21	8	1986	8	21.74	2.62
22	8	1986	8	22.58	5.32
23	8	1986	8	22.94	3.06
24	8	1986	8	22.23	0.2
25	8	1986	8	19.54	0.05
26	8	1986	8	21.00	0.59
27	8	1986	8	21.71	3.69
28	8	1986	8	18.05	1.45
29	8	1986	8	12.95	0.12
30	8	1986	8	12.53	0.09
31	8	1986	8	13.83	7.99
1	9	1986	9	15.49	18.78
2	9	1986	9	16.51	25.64
3	9	1986	9	18.91	2.78
4	9	1986	9	18.91	16.94
5	9	1986	9	21.35	2.12
6	9	1986	9	20.39	0.03
7	9	1986	9	17.35	0
8	9	1986	9	17.36	2.42
9	9	1986	9	17.22	0
10	9	1986	9	18.94	0.08
11	9	1986	9	20.13	1.39
12	9	1986	9	21.19	8.19
13	9	1986	9	18.32	0
14	9	1986	9	17.29	0
15	9	1986	9	16.46	0.07
16	9	1986	9	18.16	0.51
17	9	1986	9	17.02	0.26
18	9	1986	9	16.25	0.62
19	9	1986	9	19.13	1.22
20	9	1986	9	20.51	5.86
21	9	1986	9	20.73	0.31
22	9	1986	9	19.92	0.85
23	9	1986	9	20.29	2.26
24	9	1986	9	21.49	0.81
25	9	1986	9	21.85	0.4
26	9	1986	9	22.11	0
27	9	1986	9	21.89	0.03
28	9	1986	9	21.68	1.36
29	9	1986	9	20.87	0.09
30	9	1986	9	21.55	0.22
1	10	1986	10	21.37	3.64
2	10	1986	10	22.24	2.49
3	10	1986	10	21.83	0.08
4	10	1986	10	21.15	0.09
5	10	1986	10	20.96	0.11
6	10	1986	10	15.97	0.16
7	10	1986	10	13.67	0.04
8	10	1986	10	14.72	0.01
9	10	1986	10	15.26	24.31
10	10	1986	10	13.93	4.26
11	10	1986	10	11.53	7.74
12	10	1986	10	12.78	1.99
13	10	1986	10	15.16	36.62
14	10	1986	10	15.04	4.07
15	10	1986	10	9.68	0
16	10	1986	10	9.56	0
17	10	1986	10	8.75	0
18	10	1986	10	9.06	0.03
19	10	1986	10	8.98	0.04
20	10	1986	10	9.65	0
21	10	1986	10	10.47	0
22	10	1986	10	11.38	0
23	10	1986	10	11.56	1.53
24	10	1986	10	13.41	2.14
25	10	1986	10	12.43	69.18
26	10	1986	10	14.10	0.66
27	10	1986	10	11.14	0.02
28	10	1986	10	11.23	0
29	10	1986	10	10.14	0
30	10	1986	10	11.93	0.16
31	10	1986	10	11.05	0.8
1	11	1986	11	11.97	9.43
2	11	1986	11	14.77	1.14
3	11	1986	11	13.10	0.03
4	11	1986	11	13.35	0.09
5	11	1986	11	13.69	7.42
6	11	1986	11	15.87	0.64
7	11	1986	11	14.65	22.17
8	11	1986	11	17.18	2.16
9	11	1986	11	17.05	0.95
10	11	1986	11	11.28	0.33
11	11	1986	11	9.44	15.53
12	11	1986	11	9.11	0.5
13	11	1986	11	3.09	0.81
14	11	1986	11	-2.12	1.39
15	11	1986	11	2.23	6.06
16	11	1986	11	8.73	0.08
17	11	1986	11	11.76	0.25
18	11	1986	11	11.14	0.05
19	11	1986	11	7.26	0.28
20	11	1986	11	5.48	15.63
21	11	1986	11	4.56	0.01
22	11	1986	11	3.79	0.11
23	11	1986	11	6.61	9.83
24	11	1986	11	11.57	2.57
25	11	1986	11	12.08	18.55
26	11	1986	11	13.76	61.42
27	11	1986	11	9.59	0.06
28	11	1986	11	9.09	0.67
29	11	1986	11	10.95	0.24
30	11	1986	11	8.67	9.84
1	12	1986	12	4.78	27.67
2	12	1986	12	5.24	15.08
3	12	1986	12	4.60	0.01
4	12	1986	12	2.51	0
5	12	1986	12	1.32	0
6	12	1986	12	1.09	0.01
7	12	1986	12	1.87	0.01
8	12	1986	12	5.78	3.75
9	12	1986	12	11.11	12.55
10	12	1986	12	10.13	6.79
11	12	1986	12	7.20	19.56
12	12	1986	12	5.50	1.1
13	12	1986	12	-0.24	0
14	12	1986	12	-1.46	0
15	12	1986	12	4.57	0.16
16	12	1986	12	6.73	0.02
17	12	1986	12	6.18	4.53
18	12	1986	12	5.85	0.82
19	12	1986	12	2.92	0.29
20	12	1986	12	4.20	0.05
21	12	1986	12	2.17	0
22	12	1986	12	0.34	0.61
23	12	1986	12	0.66	35.02
24	12	1986	12	5.23	32.37
25	12	1986	12	5.79	0.02
26	12	1986	12	5.37	0
27	12	1986	12	3.09	0
28	12	1986	12	3.09	0
29	12	1986	12	1.69	0
30	12	1986	12	0.66	0.69
31	12	1986	12	-0.60	0
1	1	1987	1	0.39	9.31
2	1	1987	1	-0.01	0.02
3	1	1987	1	0.28	0.04
4	1	1987	1	-0.71	0.04
5	1	1987	1	3.07	0
6	1	1987	1	2.32	0
7	1	1987	1	3.56	0.03
8	1	1987	1	3.66	0.04
9	1	1987	1	2.84	0.23
10	1	1987	1	3.48	2.6
11	1	1987	1	-0.30	0.57
12	1	1987	1	2.98	0
13	1	1987	1	6.39	0
14	1	1987	1	5.99	0.27
15	1	1987	1	8.01	1.96
16	1	1987	1	7.16	4.05
17	1	1987	1	4.99	0.02
18	1	1987	1	4.38	45.7
19	1	1987	1	6.29	8.65
20	1	1987	1	0.90	0.09
21	1	1987	1	0.24	1.91
22	1	1987	1	-0.98	23.34
23	1	1987	1	-5.71	0.21
24	1	1987	1	-2.12	0.45
25	1	1987	1	0.36	17.51
26	1	1987	1	-4.06	0.1
27	1	1987	1	-7.81	0.61
28	1	1987	1	-3.36	0.03
29	1	1987	1	-0.79	0.71
30	1	1987	1	5.04	0.57
31	1	1987	1	2.75	0.16
1	2	1987	2	3.55	0
2	2	1987	2	4.08	10.63
3	2	1987	2	5.65	0.02
4	2	1987	2	5.44	0.02
5	2	1987	2	4.60	0.01
6	2	1987	2	4.38	0.04
7	2	1987	2	6.87	0.13
8	2	1987	2	4.71	0.2
9	2	1987	2	-1.80	0.12
10	2	1987	2	0.29	0.01
11	2	1987	2	3.57	0
12	2	1987	2	8.47	0
13	2	1987	2	7.16	0.03
14	2	1987	2	3.95	4.3
15	2	1987	2	4.05	0.87
16	2	1987	2	0.61	31.46
17	2	1987	2	-0.42	0.25
18	2	1987	2	0.44	0.1
19	2	1987	2	1.13	0.25
20	2	1987	2	2.00	2.33
21	2	1987	2	3.15	0.87
22	2	1987	2	2.65	14.61
23	2	1987	2	3.74	0.21
24	2	1987	2	1.97	0.01
25	2	1987	2	5.29	0.33
26	2	1987	2	3.65	13.35
27	2	1987	2	1.09	27.4
28	2	1987	2	3.59	69.18
1	3	1987	3	7.14	1.04
2	3	1987	3	6.09	0
3	3	1987	3	5.63	0
4	3	1987	3	4.69	0
5	3	1987	3	4.05	0
6	3	1987	3	6.15	0
7	3	1987	3	7.81	0.02
8	3	1987	3	8.53	3.23
9	3	1987	3	8.46	10.84
10	3	1987	3	3.99	1.45
11	3	1987	3	-0.15	0.04
12	3	1987	3	1.60	1.2
13	3	1987	3	2.52	0.03
14	3	1987	3	4.38	0
15	3	1987	3	7.35	0.06
16	3	1987	3	8.37	1.28
17	3	1987	3	7.10	0.11
18	3	1987	3	6.14	13.58
19	3	1987	3	7.20	9.86
20	3	1987	3	9.29	0.05
21	3	1987	3	8.97	0
22	3	1987	3	8.88	0
23	3	1987	3	9.09	0.05
24	3	1987	3	9.01	4.88
25	3	1987	3	10.58	11.18
26	3	1987	3	12.15	0.01
27	3	1987	3	10.96	7.14
28	3	1987	3	13.75	1.52
29	3	1987	3	11.53	1.44
30	3	1987	3	13.68	29.28
31	3	1987	3	4.06	1
1	4	1987	4	2.18	0.07
2	4	1987	4	5.99	0.93
3	4	1987	4	1.41	37.55
4	4	1987	4	-1.46	0.77
5	4	1987	4	0.85	0.5
6	4	1987	4	4.88	0.04
7	4	1987	4	5.71	0.01
8	4	1987	4	9.16	0
9	4	1987	4	9.14	0
10	4	1987	4	9.88	0.01
11	4	1987	4	12.00	0.11
12	4	1987	4	13.12	0.67
13	4	1987	4	15.91	1.31
14	4	1987	4	14.29	9.4
15	4	1987	4	14.19	31.81
16	4	1987	4	10.66	4.69
17	4	1987	4	9.42	3.04
18	4	1987	4	12.21	0.02
19	4	1987	4	14.47	0
20	4	1987	4	15.85	0
21	4	1987	4	17.44	0
22	4	1987	4	18.07	0.03
23	4	1987	4	17.80	12.67
24	4	1987	4	12.76	1.86
25	4	1987	4	10.93	1.45
26	4	1987	4	13.03	0
27	4	1987	4	12.60	0.44
28	4	1987	4	13.14	0.13
29	4	1987	4	12.36	0
30	4	1987	4	18.83	0.37
1	5	1987	5	18.47	6.78
2	5	1987	5	17.69	1.24
3	5	1987	5	17.49	0.99
4	5	1987	5	17.54	1.86
5	5	1987	5	13.58	0
6	5	1987	5	14.16	0
7	5	1987	5	16.07	0
8	5	1987	5	15.10	0
9	5	1987	5	13.58	0
10	5	1987	5	15.67	0
11	5	1987	5	16.34	0.02
12	5	1987	5	17.66	5.7
13	5	1987	5	17.72	3.28
14	5	1987	5	17.15	10.3
15	5	1987	5	19.12	6.11
16	5	1987	5	19.12	0.01
17	5	1987	5	20.44	0.13
18	5	1987	5	19.99	2.5
19	5	1987	5	20.59	5.44
20	5	1987	5	20.37	4.05
21	5	1987	5	20.32	0.44
22	5	1987	5	20.14	0.97
23	5	1987	5	21.12	6.3
24	5	1987	5	21.17	2.04
25	5	1987	5	20.64	1.84
26	5	1987	5	21.16	2.57
27	5	1987	5	21.02	8.21
28	5	1987	5	21.39	5.17
29	5	1987	5	21.18	5.91
30	5	1987	5	20.99	0.72
31	5	1987	5	21.18	2.29
1	6	1987	6	21.54	25.64
2	6	1987	6	21.52	2.66
3	6	1987	6	22.54	2.29
4	6	1987	6	20.91	14.53
5	6	1987	6	17.75	0.16
6	6	1987	6	17.80	0.01
7	6	1987	6	18.58	0
8	6	1987	6	19.66	0
9	6	1987	6	19.99	0.02
10	6	1987	6	20.44	6.35
11	6	1987	6	19.59	1.23
12	6	1987	6	21.83	0.34
13	6	1987	6	21.61	3.1
14	6	1987	6	21.95	1.26
15	6	1987	6	21.55	7.67
16	6	1987	6	21.65	3.06
17	6	1987	6	22.14	15.16
18	6	1987	6	22.28	17.33
19	6	1987	6	21.57	2.07
20	6	1987	6	21.95	13.08
21	6	1987	6	22.76	7.4
22	6	1987	6	22.56	2.33
23	6	1987	6	23.18	2.38
24	6	1987	6	23.12	2.61
25	6	1987	6	22.06	14.42
26	6	1987	6	21.58	12.44
27	6	1987	6	19.65	0.09
28	6	1987	6	17.10	0.44
29	6	1987	6	19.09	0
30	6	1987	6	20.11	0.03
1	7	1987	7	21.17	13.62
2	7	1987	7	21.89	3.32
3	7	1987	7	22.12	11.72
4	7	1987	7	22.26	14.94
5	7	1987	7	23.00	13.61
6	7	1987	7	23.06	0.76
7	7	1987	7	23.73	2.36
8	7	1987	7	23.00	1.23
9	7	1987	7	23.58	1.49
10	7	1987	7	23.90	4.37
11	7	1987	7	23.76	3.22
12	7	1987	7	22.56	0.34
13	7	1987	7	22.82	3.65
14	7	1987	7	22.33	0.33
15	7	1987	7	20.13	0.01
16	7	1987	7	19.03	0
17	7	1987	7	20.03	0
18	7	1987	7	20.98	0
19	7	1987	7	21.84	0
20	7	1987	7	22.71	0
21	7	1987	7	23.16	0.05
22	7	1987	7	23.49	0.04
23	7	1987	7	23.91	0.04
24	7	1987	7	24.47	0
25	7	1987	7	24.55	1.2
26	7	1987	7	24.51	0.44
27	7	1987	7	24.27	1.25
28	7	1987	7	24.51	0.38
29	7	1987	7	22.96	1.99
30	7	1987	7	23.65	13.07
31	7	1987	7	23.62	0.22
1	8	1987	8	24.05	4.1
2	8	1987	8	24.26	6.45
3	8	1987	8	25.11	0.62
4	8	1987	8	24.89	2.5
5	8	1987	8	24.84	14.11
6	8	1987	8	23.68	17.83
7	8	1987	8	23.27	1.19
8	8	1987	8	24.27	6.25
9	8	1987	8	24.70	2.85
10	8	1987	8	24.25	2.42
11	8	1987	8	21.73	0.03
12	8	1987	8	21.66	0.02
13	8	1987	8	20.36	0.02
14	8	1987	8	19.80	0
15	8	1987	8	20.66	0.19
16	8	1987	8	21.77	2.22
17	8	1987	8	22.48	4.06
18	8	1987	8	23.04	1.19
19	8	1987	8	23.54	0.94
20	8	1987	8	21.95	0
21	8	1987	8	22.09	0.03
22	8	1987	8	23.18	0
23	8	1987	8	23.28	0.08
24	8	1987	8	21.04	0.67
25	8	1987	8	21.93	0.75
26	8	1987	8	23.74	1.61
27	8	1987	8	24.37	0.1
28	8	1987	8	23.64	5.3
29	8	1987	8	22.29	0.11
30	8	1987	8	20.19	0.28
31	8	1987	8	19.71	0.41
1	9	1987	9	19.18	0.05
2	9	1987	9	18.81	0.1
3	9	1987	9	19.07	0.2
4	9	1987	9	19.23	5.65
5	9	1987	9	16.66	15.25
6	9	1987	9	18.23	60.58
7	9	1987	9	20.40	20.35
8	9	1987	9	21.29	5.74
9	9	1987	9	21.16	3.08
10	9	1987	9	21.05	6.79
11	9	1987	9	20.61	10.98
12	9	1987	9	20.22	27.57
13	9	1987	9	20.65	0.84
14	9	1987	9	20.33	0.54
15	9	1987	9	19.95	0
16	9	1987	9	19.99	12.27
17	9	1987	9	21.56	0.64
18	9	1987	9	21.67	0.26
19	9	1987	9	18.83	5.75
20	9	1987	9	18.32	0.06
21	9	1987	9	15.23	0
22	9	1987	9	14.70	0
23	9	1987	9	13.74	0
24	9	1987	9	13.60	0.02
25	9	1987	9	15.20	0.02
26	9	1987	9	15.76	0
27	9	1987	9	15.76	0.02
28	9	1987	9	16.27	0.33
29	9	1987	9	17.62	13.29
30	9	1987	9	15.02	5.44
1	10	1987	10	12.11	0.05
2	10	1987	10	11.69	0.01
3	10	1987	10	9.30	0.01
4	10	1987	10	8.61	0
5	10	1987	10	10.68	0
6	10	1987	10	11.03	0.62
7	10	1987	10	9.14	0.08
8	10	1987	10	7.25	0
9	10	1987	10	8.17	0
10	10	1987	10	11.90	0.06
11	10	1987	10	13.45	0
12	10	1987	10	10.85	0.91
13	10	1987	10	6.88	0
14	10	1987	10	6.86	0
15	10	1987	10	8.64	0
16	10	1987	10	10.31	0
17	10	1987	10	11.27	0
18	10	1987	10	12.27	0
19	10	1987	10	12.22	0.06
20	10	1987	10	13.32	2.83
21	10	1987	10	7.88	0.06
22	10	1987	10	4.61	0
23	10	1987	10	7.04	0
24	10	1987	10	9.65	0
25	10	1987	10	11.69	0.05
26	10	1987	10	10.82	0
27	10	1987	10	9.33	6.57
28	10	1987	10	5.60	0.05
29	10	1987	10	5.24	0.78
30	10	1987	10	11.57	0.52
31	10	1987	10	13.39	0
1	11	1987	11	13.76	0
2	11	1987	11	12.95	0
3	11	1987	11	12.64	0
4	11	1987	11	14.23	0
5	11	1987	11	12.49	0
6	11	1987	11	7.11	0
7	11	1987	11	8.12	0
8	11	1987	11	9.21	0.01
9	11	1987	11	12.11	0.28
10	11	1987	11	11.67	39.95
11	11	1987	11	0.96	1.95
12	11	1987	11	3.16	0.02
13	11	1987	11	5.61	0
14	11	1987	11	7.63	0
15	11	1987	11	7.28	0.09
16	11	1987	11	9.64	1.93
17	11	1987	11	13.04	40.81
18	11	1987	11	9.65	0.22
19	11	1987	11	5.08	3.02
20	11	1987	11	2.82	0.01
21	11	1987	11	-0.89	0
22	11	1987	11	2.14	0
23	11	1987	11	4.90	0
24	11	1987	11	8.50	0
25	11	1987	11	10.27	0.02
26	11	1987	11	10.27	6.77
27	11	1987	11	11.97	9.04
28	11	1987	11	9.12	6.6
29	11	1987	11	10.06	0.57
30	11	1987	11	3.99	0.02
1	12	1987	12	1.73	0.08
2	12	1987	12	1.36	0.01
3	12	1987	12	2.37	1.72
4	12	1987	12	1.94	1.39
5	12	1987	12	-0.09	0
6	12	1987	12	1.77	0
7	12	1987	12	4.36	0.03
8	12	1987	12	4.44	1.04
9	12	1987	12	9.84	4.34
10	12	1987	12	10.45	11.65
11	12	1987	12	6.28	0.18
12	12	1987	12	6.30	0.43
13	12	1987	12	5.06	0.11
14	12	1987	12	5.22	8.16
15	12	1987	12	8.73	25.21
16	12	1987	12	0.07	0
17	12	1987	12	-0.82	0
18	12	1987	12	-1.12	0.06
19	12	1987	12	3.51	0.01
20	12	1987	12	10.10	6.33
21	12	1987	12	7.59	2.11
22	12	1987	12	7.60	0.23
23	12	1987	12	5.53	0.21
24	12	1987	12	5.01	12.84
25	12	1987	12	11.03	2.38
26	12	1987	12	14.08	2.32
27	12	1987	12	10.23	9.29
28	12	1987	12	7.09	6.73
29	12	1987	12	0.97	1.12
30	12	1987	12	0.21	0
31	12	1987	12	2.28	0.04
1	1	1988	1	5.14	5.21
2	1	1988	1	2.76	0.21
3	1	1988	1	0.85	7.56
4	1	1988	1	1.03	0.61
5	1	1988	1	-4.18	0.03
6	1	1988	1	-6.76	0.04
7	1	1988	1	-7.91	30.77
8	1	1988	1	-5.36	0.24
9	1	1988	1	-4.16	0.18
10	1	1988	1	-4.15	0.03
11	1	1988	1	-4.88	0.02
12	1	1988	1	-2.89	0.03
13	1	1988	1	-0.88	1.29
14	1	1988	1	-5.99	0.18
15	1	1988	1	-4.75	0.31
16	1	1988	1	-2.38	0.97
17	1	1988	1	0.21	11.45
18	1	1988	1	6.57	4.63
19	1	1988	1	6.03	18.69
20	1	1988	1	9.19	23.66
21	1	1988	1	5.00	0.02
22	1	1988	1	0.62	0.08
23	1	1988	1	-0.84	0.02
24	1	1988	1	1.00	0.05
25	1	1988	1	1.42	4.42
26	1	1988	1	-5.67	0.1
27	1	1988	1	-5.43	0.12
28	1	1988	1	-1.39	0
29	1	1988	1	2.47	0.01
30	1	1988	1	4.89	0
31	1	1988	1	8.52	1.67
1	2	1988	2	12.49	1.41
2	2	1988	2	12.31	9.18
3	2	1988	2	11.38	8.03
4	2	1988	2	6.88	4.75
5	2	1988	2	-0.76	0
6	2	1988	2	-6.79	0
7	2	1988	2	-5.93	0.05
8	2	1988	2	-1.29	0
9	2	1988	2	0.44	0
10	2	1988	2	2.09	0
11	2	1988	2	2.15	0.26
12	2	1988	2	-1.88	0.16
13	2	1988	2	-5.52	0
14	2	1988	2	1.16	0
15	2	1988	2	2.98	8.02
16	2	1988	2	1.80	0.04
17	2	1988	2	3.83	0.01
18	2	1988	2	4.80	0.02
19	2	1988	2	4.98	5.03
20	2	1988	2	4.79	0
21	2	1988	2	0.41	0
22	2	1988	2	1.97	0.08
23	2	1988	2	5.92	1.22
24	2	1988	2	0.78	0.09
25	2	1988	2	-1.70	0
26	2	1988	2	0.60	0
27	2	1988	2	5.31	0.02
28	2	1988	2	4.18	0
29	2	1988	2	4.53	0
1	3	1988	3	4.03	0.14
2	3	1988	3	5.75	0.01
3	3	1988	3	8.55	1.6
4	3	1988	3	11.98	1.54
5	3	1988	3	7.31	0.09
6	3	1988	3	7.49	1.92
7	3	1988	3	8.78	0
8	3	1988	3	8.76	0.05
9	3	1988	3	10.48	7.13
10	3	1988	3	8.57	6.12
11	3	1988	3	5.68	0.2
12	3	1988	3	7.21	11.84
13	3	1988	3	8.41	0.64
14	3	1988	3	0.77	0.15
15	3	1988	3	-4.21	0.03
16	3	1988	3	-1.51	0.03
17	3	1988	3	1.87	0.14
18	3	1988	3	2.52	7.31
19	3	1988	3	2.56	0.11
20	3	1988	3	7.39	0.02
21	3	1988	3	11.65	0
22	3	1988	3	9.24	0
23	3	1988	3	9.01	0
24	3	1988	3	12.53	0.08
25	3	1988	3	13.26	12.51
26	3	1988	3	13.96	0.32
27	3	1988	3	8.76	0.13
28	3	1988	3	9.16	0
29	3	1988	3	10.66	0
30	3	1988	3	12.61	0.11
31	3	1988	3	15.84	0.04
1	4	1988	4	13.96	2.9
2	4	1988	4	14.08	1.32
3	4	1988	4	14.13	31.3
4	4	1988	4	17.14	3.97
5	4	1988	4	16.21	0.09
6	4	1988	4	13.61	3.48
7	4	1988	4	7.05	3.31
8	4	1988	4	8.79	0.07
9	4	1988	4	10.46	0.02
10	4	1988	4	10.78	0.01
11	4	1988	4	11.82	6.95
12	4	1988	4	5.45	38.56
13	4	1988	4	7.73	0.16
14	4	1988	4	10.39	0.01
15	4	1988	4	11.27	0.67
16	4	1988	4	7.80	0.05
17	4	1988	4	8.88	0.02
18	4	1988	4	12.88	6.1
19	4	1988	4	11.89	11.08
20	4	1988	4	7.90	0
21	4	1988	4	13.53	0
22	4	1988	4	17.81	0.02
23	4	1988	4	18.23	2.35
24	4	1988	4	16.86	1.72
25	4	1988	4	12.13	0
26	4	1988	4	12.50	0
27	4	1988	4	13.94	0
28	4	1988	4	10.97	0
29	4	1988	4	10.49	0
30	4	1988	4	10.63	0
1	5	1988	5	11.60	0.01
2	5	1988	5	12.16	0
3	5	1988	5	12.61	1.36
4	5	1988	5	11.96	8.55
5	5	1988	5	11.55	0.06
6	5	1988	5	12.09	0
7	5	1988	5	15.64	0
8	5	1988	5	15.57	0
9	5	1988	5	16.26	1.29
10	5	1988	5	16.99	3.78
11	5	1988	5	13.35	0.09
12	5	1988	5	14.23	0.05
13	5	1988	5	15.86	1.47
14	5	1988	5	16.65	2.1
15	5	1988	5	17.87	3.21
16	5	1988	5	18.46	4.31
17	5	1988	5	16.48	9.55
18	5	1988	5	14.26	0.06
19	5	1988	5	14.42	0.69
20	5	1988	5	15.68	0
21	5	1988	5	17.46	0
22	5	1988	5	18.09	0.09
23	5	1988	5	19.31	1.63
24	5	1988	5	17.02	4.04
25	5	1988	5	15.45	0.6
26	5	1988	5	12.17	0.01
27	5	1988	5	13.05	0
28	5	1988	5	15.96	0
29	5	1988	5	17.93	0
30	5	1988	5	19.33	0
31	5	1988	5	20.40	0.09
1	6	1988	6	20.76	0.2
2	6	1988	6	19.97	0.03
3	6	1988	6	18.28	0.06
4	6	1988	6	13.45	0.01
5	6	1988	6	13.93	0
6	6	1988	6	17.45	0
7	6	1988	6	20.61	0
8	6	1988	6	21.37	8.16
9	6	1988	6	18.96	3.14
10	6	1988	6	13.49	0.04
11	6	1988	6	13.18	0
12	6	1988	6	15.44	0
13	6	1988	6	18.04	0
14	6	1988	6	19.43	0
15	6	1988	6	20.32	0.12
16	6	1988	6	21.46	3.19
17	6	1988	6	20.92	6.3
18	6	1988	6	20.74	8.99
19	6	1988	6	20.75	2.92
20	6	1988	6	21.38	5.35
21	6	1988	6	22.77	0.12
22	6	1988	6	23.49	0.1
23	6	1988	6	24.01	4.83
24	6	1988	6	24.30	11.14
25	6	1988	6	24.80	3.7
26	6	1988	6	25.38	1.4
27	6	1988	6	21.51	0
28	6	1988	6	19.03	0
29	6	1988	6	21.04	0.24
30	6	1988	6	19.77	15.34
1	7	1988	7	17.13	0.04
2	7	1988	7	16.21	0
3	7	1988	7	16.67	10.2
4	7	1988	7	17.62	2.67
5	7	1988	7	20.41	0.16
6	7	1988	7	19.63	0
7	7	1988	7	20.85	0
8	7	1988	7	23.65	0.07
9	7	1988	7	23.47	1.23
10	7	1988	7	23.42	9.44
11	7	1988	7	22.46	4.77
12	7	1988	7	22.68	2.8
13	7	1988	7	21.85	6.11
14	7	1988	7	23.69	0.5
15	7	1988	7	25.01	2.02
16	7	1988	7	25.47	7.26
17	7	1988	7	24.17	6.19
18	7	1988	7	24.18	3.37
19	7	1988	7	23.89	8.17
20	7	1988	7	23.33	0.82
21	7	1988	7	22.96	20.56
22	7	1988	7	21.88	8.37
23	7	1988	7	21.33	11.51
24	7	1988	7	20.96	1.95
25	7	1988	7	20.88	0.03
26	7	1988	7	21.11	0.4
27	7	1988	7	21.17	2.62
28	7	1988	7	22.39	2.95
29	7	1988	7	23.20	3.94
30	7	1988	7	22.91	2.4
31	7	1988	7	23.26	3.23
1	8	1988	8	23.76	0.51
2	8	1988	8	24.22	0.35
3	8	1988	8	23.67	1.91
4	8	1988	8	23.76	5.37
5	8	1988	8	22.58	23.62
6	8	1988	8	22.86	8.48
7	8	1988	8	22.94	0.66
8	8	1988	8	22.92	0.49
9	8	1988	8	23.43	0.49
10	8	1988	8	23.97	5.36
11	8	1988	8	23.05	8.26
12	8	1988	8	22.86	0.91
13	8	1988	8	22.96	0
14	8	1988	8	23.03	0.09
15	8	1988	8	23.64	4.93
16	8	1988	8	24.34	4.78
17	8	1988	8	25.06	0
18	8	1988	8	25.33	0.11
19	8	1988	8	24.21	10.26
20	8	1988	8	22.85	14.86
21	8	1988	8	23.30	0.2
22	8	1988	8	20.72	0.18
23	8	1988	8	20.34	1.57
24	8	1988	8	21.79	0.7
25	8	1988	8	19.96	0
26	8	1988	8	20.48	0
27	8	1988	8	20.46	0.23
28	8	1988	8	20.62	7.12
29	8	1988	8	22.37	6.79
30	8	1988	8	20.26	1.32
31	8	1988	8	18.67	4.6
1	9	1988	9	18.10	0
2	9	1988	9	17.46	0.03
3	9	1988	9	17.64	22.82
4	9	1988	9	18.26	26.15
5	9	1988	9	16.49	0.02
6	9	1988	9	16.09	0.5
7	9	1988	9	15.59	0.01
8	9	1988	9	13.60	0.05
9	9	1988	9	15.57	6.17
10	9	1988	9	19.05	1.07
11	9	1988	9	20.72	0.58
12	9	1988	9	21.06	1.27
13	9	1988	9	21.81	0.79
14	9	1988	9	21.76	0
15	9	1988	9	20.41	0.06
16	9	1988	9	17.94	2.09
17	9	1988	9	15.09	30.21
18	9	1988	9	17.67	0.14
19	9	1988	9	19.41	0.89
20	9	1988	9	21.15	0.23
21	9	1988	9	19.35	0.01
22	9	1988	9	16.79	0
23	9	1988	9	18.65	0.15
24	9	1988	9	20.64	1.54
25	9	1988	9	20.51	0.27
26	9	1988	9	18.59	0
27	9	1988	9	16.11	0
28	9	1988	9	15.85	0
29	9	1988	9	16.22	0
30	9	1988	9	17.73	0.11
1	10	1988	10	17.47	3.54
2	10	1988	10	17.50	48.07
3	10	1988	10	15.85	22.77
4	10	1988	10	12.90	0.01
5	10	1988	10	8.86	0
6	10	1988	10	8.24	0
7	10	1988	10	7.86	0
8	10	1988	10	6.64	0
9	10	1988	10	7.21	0
10	10	1988	10	9.49	0.06
11	10	1988	10	10.56	0.07
12	10	1988	10	7.88	0.07
13	10	1988	10	4.72	0.01
14	10	1988	10	6.22	0
15	10	1988	10	9.39	0
16	10	1988	10	9.48	0
17	10	1988	10	13.04	0.01
18	10	1988	10	14.25	3.43
19	10	1988	10	12.08	0.08
20	10	1988	10	6.11	1.2
21	10	1988	10	7.36	7.53
22	10	1988	10	8.03	0.04
23	10	1988	10	7.01	0.45
24	10	1988	10	9.49	0.31
25	10	1988	10	7.39	0.72
26	10	1988	10	8.09	0.3
27	10	1988	10	6.07	0
28	10	1988	10	11.29	0.24
29	10	1988	10	11.07	0.01
30	10	1988	10	8.58	0.14
31	10	1988	10	6.23	10.76
1	11	1988	11	8.34	0.09
2	11	1988	11	6.81	0
3	11	1988	11	8.01	0.1
4	11	1988	11	9.99	11.71
5	11	1988	11	10.96	23.29
6	11	1988	11	6.38	0.1
7	11	1988	11	7.39	0.02
8	11	1988	11	8.27	0.11
9	11	1988	11	10.74	0.02
10	11	1988	11	12.49	1.91
11	11	1988	11	7.97	0.1
12	11	1988	11	4.79	0.01
13	11	1988	11	9.76	2
14	11	1988	11	9.34	0
15	11	1988	11	9.66	0.13
16	11	1988	11	13.48	11.73
17	11	1988	11	9.59	1.66
18	11	1988	11	4.76	0.11
19	11	1988	11	6.19	3.01
20	11	1988	11	11.94	22.17
21	11	1988	11	7.99	0
22	11	1988	11	3.94	0
23	11	1988	11	5.77	8.85
24	11	1988	11	8.24	0.08
25	11	1988	11	7.45	0.13
26	11	1988	11	8.95	0.82
27	11	1988	11	11.12	31.72
28	11	1988	11	4.63	1.13
29	11	1988	11	2.40	0.01
30	11	1988	11	2.25	0.02
1	12	1988	12	0.65	0.12
2	12	1988	12	1.59	0.01
3	12	1988	12	4.74	0
4	12	1988	12	4.25	0
5	12	1988	12	2.03	0
6	12	1988	12	5.12	0
7	12	1988	12	6.00	0
8	12	1988	12	6.20	0.01
9	12	1988	12	3.33	2.52
10	12	1988	12	-0.91	0.01
11	12	1988	12	-0.86	0
12	12	1988	12	-4.19	0
13	12	1988	12	-2.30	0.04
14	12	1988	12	3.79	0.01
15	12	1988	12	5.08	0
16	12	1988	12	1.15	0
17	12	1988	12	-4.14	0
18	12	1988	12	-3.68	0
19	12	1988	12	3.16	0
20	12	1988	12	4.75	0
21	12	1988	12	7.40	0.76
22	12	1988	12	7.85	0.78
23	12	1988	12	8.52	9.82
24	12	1988	12	10.71	7.41
25	12	1988	12	6.26	0.01
26	12	1988	12	4.04	0
27	12	1988	12	4.61	0.42
28	12	1988	12	7.04	4.06
29	12	1988	12	0.51	0.14
30	12	1988	12	0.81	20.13
31	12	1988	12	5.62	12.3
1	1	1989	1	7.39	3.54
2	1	1989	1	8.00	0.16
3	1	1989	1	8.38	0.76
4	1	1989	1	1.95	0
5	1	1989	1	1.64	0.03
6	1	1989	1	5.54	7.07
7	1	1989	1	6.93	1.43
8	1	1989	1	8.63	5.21
9	1	1989	1	2.47	6.95
10	1	1989	1	1.81	6.2
11	1	1989	1	3.03	16.61
12	1	1989	1	7.43	3.87
13	1	1989	1	5.87	7.73
14	1	1989	1	2.12	5.21
15	1	1989	1	6.64	4.81
16	1	1989	1	3.77	0
17	1	1989	1	1.56	0
18	1	1989	1	3.39	0
19	1	1989	1	5.38	0
20	1	1989	1	4.31	0
21	1	1989	1	0.40	0
22	1	1989	1	1.22	0
23	1	1989	1	5.08	0
24	1	1989	1	6.63	0
25	1	1989	1	7.89	0.01
26	1	1989	1	8.61	1.27
27	1	1989	1	7.43	0
28	1	1989	1	5.50	0
29	1	1989	1	8.34	0
30	1	1989	1	9.95	0.52
31	1	1989	1	7.76	0
1	2	1989	2	9.84	0
2	2	1989	2	13.38	0.05
3	2	1989	2	14.70	1.21
4	2	1989	2	8.51	0.01
5	2	1989	2	5.25	11.36
6	2	1989	2	7.89	8.65
7	2	1989	2	5.88	3.45
8	2	1989	2	0.83	0
9	2	1989	2	-4.81	0
10	2	1989	2	-4.23	0
11	2	1989	2	0.90	0.01
12	2	1989	2	3.05	0.01
13	2	1989	2	5.82	0.03
14	2	1989	2	13.10	0.04
15	2	1989	2	16.31	0.04
16	2	1989	2	11.14	10.36
17	2	1989	2	2.20	20.73
18	2	1989	2	-1.51	12.31
19	2	1989	2	-0.23	0.87
20	2	1989	2	3.25	5.11
21	2	1989	2	8.39	17.95
22	2	1989	2	4.89	1.71
23	2	1989	2	-3.34	1.34
24	2	1989	2	-6.41	0.06
25	2	1989	2	-2.56	0.01
26	2	1989	2	3.34	0.01
27	2	1989	2	3.69	46.68
28	2	1989	2	4.13	13.16
1	3	1989	3	3.22	0.03
2	3	1989	3	3.52	0.04
3	3	1989	3	5.43	8.45
4	3	1989	3	8.68	10.23
5	3	1989	3	12.70	9.01
6	3	1989	3	13.14	19.73
7	3	1989	3	5.01	0.1
8	3	1989	3	2.95	0.01
9	3	1989	3	5.60	0
10	3	1989	3	7.14	0
11	3	1989	3	8.24	0
12	3	1989	3	11.32	0
13	3	1989	3	9.98	0.08
14	3	1989	3	10.05	0.11
15	3	1989	3	13.44	10.5
16	3	1989	3	11.49	0.61
17	3	1989	3	10.67	0.02
18	3	1989	3	12.90	5.09
19	3	1989	3	7.97	0.05
20	3	1989	3	7.07	5.86
21	3	1989	3	8.34	10.13
22	3	1989	3	4.79	7.98
23	3	1989	3	3.03	31.25
24	3	1989	3	8.44	0.83
25	3	1989	3	13.14	0
26	3	1989	3	13.64	0
27	3	1989	3	14.90	0.02
28	3	1989	3	16.75	0.02
29	3	1989	3	18.96	0.02
30	3	1989	3	17.32	4.98
31	3	1989	3	11.86	1.57
1	4	1989	4	5.11	0.1
2	4	1989	4	6.82	0.1
3	4	1989	4	12.02	4.68
4	4	1989	4	15.24	15.56
5	4	1989	4	12.00	7.66
6	4	1989	4	7.40	0.16
7	4	1989	4	4.44	18.33
8	4	1989	4	2.71	12.14
9	4	1989	4	4.94	0.07
10	4	1989	4	4.19	0.18
11	4	1989	4	3.67	0.04
12	4	1989	4	4.52	0
13	4	1989	4	7.38	0.04
14	4	1989	4	8.89	0.11
15	4	1989	4	10.25	10.54
16	4	1989	4	11.39	0
17	4	1989	4	13.25	0
18	4	1989	4	15.51	0
19	4	1989	4	15.82	0.81
20	4	1989	4	13.26	0.05
21	4	1989	4	12.36	0
22	4	1989	4	13.12	0.03
23	4	1989	4	15.09	0.28
24	4	1989	4	16.55	0.9
25	4	1989	4	18.68	0
26	4	1989	4	20.38	0.31
27	4	1989	4	20.77	7.36
28	4	1989	4	19.12	3.27
29	4	1989	4	17.16	17.75
30	4	1989	4	18.18	7.55
1	5	1989	5	16.10	35.16
2	5	1989	5	12.84	0.01
3	5	1989	5	10.82	0.02
4	5	1989	5	8.66	8.99
5	5	1989	5	12.43	35.73
6	5	1989	5	11.22	3.4
7	5	1989	5	6.20	1.48
8	5	1989	5	7.61	0.06
9	5	1989	5	10.09	23.99
10	5	1989	5	10.62	0.16
11	5	1989	5	8.39	0.15
12	5	1989	5	9.41	0.02
13	5	1989	5	10.06	0.02
14	5	1989	5	13.19	10.4
15	5	1989	5	15.51	1.25
16	5	1989	5	12.75	0.01
17	5	1989	5	14.53	0.01
18	5	1989	5	16.47	0.01
19	5	1989	5	16.66	0.15
20	5	1989	5	16.82	5.13
21	5	1989	5	19.04	1.48
22	5	1989	5	19.01	18.57
23	5	1989	5	17.98	7.68
24	5	1989	5	16.72	0
25	5	1989	5	19.31	0.07
26	5	1989	5	21.30	2.49
27	5	1989	5	20.09	0.55
28	5	1989	5	16.12	0.06
29	5	1989	5	17.60	0
30	5	1989	5	19.52	0
31	5	1989	5	20.58	0.05
1	6	1989	6	21.76	2.12
2	6	1989	6	22.17	2.73
3	6	1989	6	20.89	0.62
4	6	1989	6	21.13	28.45
5	6	1989	6	20.53	17.21
6	6	1989	6	17.90	2.1
7	6	1989	6	18.40	1.27
8	6	1989	6	17.44	19.81
9	6	1989	6	19.26	11.02
10	6	1989	6	18.63	0.23
11	6	1989	6	18.79	1.14
12	6	1989	6	19.96	6.26
13	6	1989	6	20.23	3.11
14	6	1989	6	20.98	13.22
15	6	1989	6	19.40	26.66
16	6	1989	6	17.19	42.83
17	6	1989	6	18.24	1.29
18	6	1989	6	17.46	0.64
19	6	1989	6	18.58	29.98
20	6	1989	6	18.55	22.45
21	6	1989	6	19.44	30.32
22	6	1989	6	20.12	14.39
23	6	1989	6	20.56	4.87
24	6	1989	6	21.63	0.93
25	6	1989	6	22.23	0.45
26	6	1989	6	22.77	1.17
27	6	1989	6	22.96	0.24
28	6	1989	6	21.73	11.94
29	6	1989	6	21.58	7.02
30	6	1989	6	20.88	1.49
1	7	1989	7	20.49	0.2
2	7	1989	7	18.59	0.57
3	7	1989	7	17.95	61.67
4	7	1989	7	19.80	18.91
5	7	1989	7	21.45	2.1
6	7	1989	7	22.22	4.73
7	7	1989	7	22.75	13.36
8	7	1989	7	22.90	0.67
9	7	1989	7	22.87	5.39
10	7	1989	7	23.58	0.67
11	7	1989	7	23.76	8.06
12	7	1989	7	23.16	1.2
13	7	1989	7	22.01	1.62
14	7	1989	7	21.96	1.8
15	7	1989	7	20.74	0.7
16	7	1989	7	21.14	3.9
17	7	1989	7	20.91	1.7
18	7	1989	7	20.51	2.42
19	7	1989	7	20.94	4.63
20	7	1989	7	20.93	14.09
21	7	1989	7	20.89	18.15
22	7	1989	7	21.54	7.86
23	7	1989	7	22.04	5.83
24	7	1989	7	22.34	0.25
25	7	1989	7	23.42	7.48
26	7	1989	7	23.59	3.81
27	7	1989	7	23.24	2.43
28	7	1989	7	22.90	0.11
29	7	1989	7	22.97	1.83
30	7	1989	7	23.20	8.18
31	7	1989	7	22.63	21.2
1	8	1989	8	21.44	6.63
2	8	1989	8	22.05	0.16
3	8	1989	8	21.98	0
4	8	1989	8	22.86	0.01
5	8	1989	8	22.64	0.02
6	8	1989	8	22.81	1.34
7	8	1989	8	20.91	0.33
8	8	1989	8	16.38	0
9	8	1989	8	15.49	0
10	8	1989	8	16.36	0
11	8	1989	8	17.72	4.16
12	8	1989	8	19.00	9.44
13	8	1989	8	19.57	0.42
14	8	1989	8	20.49	11.77
15	8	1989	8	20.58	8.56
16	8	1989	8	20.88	2.89
17	8	1989	8	20.68	5.91
18	8	1989	8	20.30	17.35
19	8	1989	8	19.93	3.62
20	8	1989	8	20.77	0.18
21	8	1989	8	22.20	0.16
22	8	1989	8	23.08	1.23
23	8	1989	8	23.44	9.9
24	8	1989	8	22.55	3.12
25	8	1989	8	22.80	4.59
26	8	1989	8	22.62	16.09
27	8	1989	8	22.29	9.26
28	8	1989	8	23.18	14.86
29	8	1989	8	23.37	0.81
30	8	1989	8	23.09	1.01
31	8	1989	8	21.35	0.04
1	9	1989	9	20.76	3.81
2	9	1989	9	22.04	1.09
3	9	1989	9	20.06	0.04
4	9	1989	9	18.31	0.03
5	9	1989	9	16.83	1.21
6	9	1989	9	17.51	10.8
7	9	1989	9	20.76	0.6
8	9	1989	9	21.78	0.11
9	9	1989	9	22.01	0.42
10	9	1989	9	22.06	0.4
11	9	1989	9	22.05	5.55
12	9	1989	9	21.58	1.51
13	9	1989	9	21.50	16.28
14	9	1989	9	21.35	2.96
15	9	1989	9	20.68	16.85
16	9	1989	9	19.85	5.84
17	9	1989	9	16.66	0.09
18	9	1989	9	15.63	0.02
19	9	1989	9	16.33	0.03
20	9	1989	9	16.83	1.52
21	9	1989	9	19.28	8.66
22	9	1989	9	19.66	46.36
23	9	1989	9	17.04	0.4
24	9	1989	9	10.89	0.35
25	9	1989	9	10.47	48.99
26	9	1989	9	15.41	0.51
27	9	1989	9	14.49	0.01
28	9	1989	9	11.60	2.4
29	9	1989	9	12.88	42.44
30	9	1989	9	14.42	32.51
1	10	1989	10	15.50	33.65
2	10	1989	10	18.62	1.03
3	10	1989	10	18.18	0
4	10	1989	10	14.96	0
5	10	1989	10	12.69	0
6	10	1989	10	16.54	0.01
7	10	1989	10	16.38	0.05
8	10	1989	10	11.45	0
9	10	1989	10	7.48	0
10	10	1989	10	8.76	0
11	10	1989	10	11.99	0
12	10	1989	10	13.97	0
13	10	1989	10	16.51	0
14	10	1989	10	17.93	0
15	10	1989	10	15.91	0.01
16	10	1989	10	16.58	10.41
17	10	1989	10	18.50	21.12
18	10	1989	10	16.11	27.7
19	10	1989	10	8.90	1.72
20	10	1989	10	2.16	0.15
21	10	1989	10	6.82	0.05
22	10	1989	10	10.89	0
23	10	1989	10	10.66	0
24	10	1989	10	12.22	0
25	10	1989	10	11.16	0
26	10	1989	10	10.86	0
27	10	1989	10	10.71	0
28	10	1989	10	12.08	0
29	10	1989	10	11.45	0
30	10	1989	10	12.97	0.2
31	10	1989	10	14.90	4.35
1	11	1989	11	9.71	0.13
2	11	1989	11	7.31	0.52
3	11	1989	11	6.18	0.01
4	11	1989	11	5.59	0
5	11	1989	11	7.87	0.03
6	11	1989	11	8.81	17.76
7	11	1989	11	11.66	0.63
8	11	1989	11	13.44	5.9
9	11	1989	11	11.56	1.23
10	11	1989	11	7.50	0
11	11	1989	11	10.36	0
12	11	1989	11	13.39	0
13	11	1989	11	12.88	0.15
14	11	1989	11	11.64	1.21
15	11	1989	11	13.57	59.78
16	11	1989	11	6.31	8.24
17	11	1989	11	-0.39	0.03
18	11	1989	11	3.22	0
19	11	1989	11	5.15	0
20	11	1989	11	9.01	0.02
21	11	1989	11	8.66	0.82
22	11	1989	11	2.67	37.58
23	11	1989	11	0.26	0.08
24	11	1989	11	-1.31	0
25	11	1989	11	2.75	0.06
26	11	1989	11	8.54	0.17
27	11	1989	11	10.77	0.7
28	11	1989	11	11.87	0.39
29	11	1989	11	4.26	0
30	11	1989	11	1.98	0
1	12	1989	12	4.33	0
2	12	1989	12	4.94	0.02
3	12	1989	12	-1.16	0
4	12	1989	12	-1.40	0
5	12	1989	12	4.63	0
6	12	1989	12	8.19	0
7	12	1989	12	7.48	18.19
8	12	1989	12	3.16	24.01
9	12	1989	12	0.23	8.66
10	12	1989	12	2.31	0.41
11	12	1989	12	1.70	0.16
12	12	1989	12	2.03	30.62
13	12	1989	12	-1.16	0.76
14	12	1989	12	-2.69	0.11
15	12	1989	12	-1.88	1.36
16	12	1989	12	-7.48	0
17	12	1989	12	-7.16	0
18	12	1989	12	-2.49	0
19	12	1989	12	-1.99	2.2
20	12	1989	12	-2.01	0.04
21	12	1989	12	-3.60	0
22	12	1989	12	-9.76	0
23	12	1989	12	-12.12	0
24	12	1989	12	-8.94	0
25	12	1989	12	-6.83	0.04
26	12	1989	12	-2.99	0.08
27	12	1989	12	-2.37	0.23
28	12	1989	12	2.66	0.01
29	12	1989	12	2.55	0.09
30	12	1989	12	5.20	3.03
31	12	1989	12	8.25	34.16
1	1	1990	1	2.81	0.17
2	1	1990	1	-0.32	0.02
3	1	1990	1	4.44	0.01
4	1	1990	1	6.65	15.38
5	1	1990	1	7.33	7.14
6	1	1990	1	6.69	9.9
7	1	1990	1	5.05	7.06
8	1	1990	1	5.50	11.43
9	1	1990	1	5.41	0.1
10	1	1990	1	6.03	0.23
11	1	1990	1	6.78	0
12	1	1990	1	3.23	0.13
13	1	1990	1	-1.61	0
14	1	1990	1	2.22	0
15	1	1990	1	6.13	0
16	1	1990	1	9.20	0.06
17	1	1990	1	9.41	0.23
18	1	1990	1	12.31	1.41
19	1	1990	1	9.53	0.05
20	1	1990	1	8.63	27.23
21	1	1990	1	9.26	0.91
22	1	1990	1	5.89	0.02
23	1	1990	1	5.97	1.26
24	1	1990	1	6.78	18.45
25	1	1990	1	7.89	15.72
26	1	1990	1	1.83	0.48
27	1	1990	1	2.36	0
28	1	1990	1	4.86	0
29	1	1990	1	6.23	22.23
30	1	1990	1	3.46	0.02
31	1	1990	1	5.78	0
1	2	1990	2	6.67	0.02
2	2	1990	2	10.25	1.77
3	2	1990	2	12.88	13.68
4	2	1990	2	12.79	17.99
5	2	1990	2	5.67	0.03
6	2	1990	2	5.53	0.13
7	2	1990	2	6.81	1.14
8	2	1990	2	6.95	2.14
9	2	1990	2	7.85	20.8
10	2	1990	2	9.07	30.65
11	2	1990	2	5.11	0.02
12	2	1990	2	7.21	0.06
13	2	1990	2	8.03	0.02
14	2	1990	2	10.95	0.97
15	2	1990	2	12.75	3.47
16	2	1990	2	13.31	89.59
17	2	1990	2	6.77	0.82
18	2	1990	2	3.65	15.79
19	2	1990	2	7.07	4.97
20	2	1990	2	6.37	0.01
21	2	1990	2	4.49	0.01
22	2	1990	2	8.59	23.71
23	2	1990	2	9.84	1.65
24	2	1990	2	3.35	0.04
25	2	1990	2	-2.76	0
26	2	1990	2	-2.64	0
27	2	1990	2	4.61	0
28	2	1990	2	6.76	0.02
1	3	1990	3	6.18	0.73
2	3	1990	3	5.62	24.65
3	3	1990	3	8.40	13.46
4	3	1990	3	6.24	0
5	3	1990	3	6.82	0
6	3	1990	3	9.11	0.01
7	3	1990	3	7.40	0.03
8	3	1990	3	4.48	8.7
9	3	1990	3	8.06	2.1
10	3	1990	3	13.85	0.21
11	3	1990	3	16.01	0.01
12	3	1990	3	16.81	0
13	3	1990	3	16.78	0
14	3	1990	3	16.42	0.11
15	3	1990	3	16.22	4.94
16	3	1990	3	15.39	77.16
17	3	1990	3	11.98	48.62
18	3	1990	3	9.37	0
19	3	1990	3	9.30	1.11
20	3	1990	3	2.18	0.02
21	3	1990	3	4.99	0
22	3	1990	3	7.52	0
23	3	1990	3	11.07	0
24	3	1990	3	11.79	0.11
25	3	1990	3	11.20	0.01
26	3	1990	3	8.52	4.23
27	3	1990	3	6.27	0.1
28	3	1990	3	7.00	0.52
29	3	1990	3	6.97	7.85
30	3	1990	3	7.43	8.37
31	3	1990	3	13.08	0.18
1	4	1990	4	14.14	2.34
2	4	1990	4	13.21	0.4
3	4	1990	4	6.45	0.01
4	4	1990	4	6.88	0
5	4	1990	4	10.78	0.01
6	4	1990	4	10.37	4.44
7	4	1990	4	4.08	0.58
8	4	1990	4	4.72	0
9	4	1990	4	7.29	0.01
10	4	1990	4	9.93	15.22
11	4	1990	4	9.04	0.09
12	4	1990	4	5.49	0
13	4	1990	4	5.53	0
14	4	1990	4	9.50	1.61
15	4	1990	4	12.96	0.07
16	4	1990	4	13.24	0.04
17	4	1990	4	14.01	1.93
18	4	1990	4	8.79	0.07
19	4	1990	4	7.74	0
20	4	1990	4	11.36	0
21	4	1990	4	14.83	0.93
22	4	1990	4	16.17	0.01
23	4	1990	4	16.57	0.36
24	4	1990	4	17.27	4.72
25	4	1990	4	17.78	0.04
26	4	1990	4	18.51	0
27	4	1990	4	17.37	0.01
28	4	1990	4	14.99	29.48
29	4	1990	4	12.51	2.8
30	4	1990	4	17.22	0.9
1	5	1990	5	19.94	2.73
2	5	1990	5	18.70	4.89
3	5	1990	5	18.30	0.2
4	5	1990	5	18.39	27.31
5	5	1990	5	17.79	2.65
6	5	1990	5	11.21	2.88
7	5	1990	5	11.79	0.01
8	5	1990	5	13.35	0.5
9	5	1990	5	13.20	33.52
10	5	1990	5	14.79	6.22
11	5	1990	5	12.15	0.12
12	5	1990	5	14.61	0.02
13	5	1990	5	18.04	0.37
14	5	1990	5	17.88	0.01
15	5	1990	5	18.70	0
16	5	1990	5	20.31	0
17	5	1990	5	19.38	11.18
18	5	1990	5	15.78	0.03
19	5	1990	5	16.25	0.03
20	5	1990	5	18.38	12.52
21	5	1990	5	19.04	0.28
22	5	1990	5	16.00	2
23	5	1990	5	13.62	0.03
24	5	1990	5	15.29	0
25	5	1990	5	17.19	0.07
26	5	1990	5	19.67	2.12
27	5	1990	5	20.32	12.78
28	5	1990	5	17.99	27.94
29	5	1990	5	14.01	0.64
30	5	1990	5	14.76	0.01
31	5	1990	5	16.38	0
1	6	1990	6	16.95	0.03
2	6	1990	6	17.48	0.47
3	6	1990	6	20.13	1.84
4	6	1990	6	18.48	0.01
5	6	1990	6	16.06	0.01
6	6	1990	6	18.51	0
7	6	1990	6	21.72	0.74
8	6	1990	6	23.28	9.35
9	6	1990	6	22.78	7.48
10	6	1990	6	20.37	2.12
11	6	1990	6	18.52	0.26
12	6	1990	6	17.52	0
13	6	1990	6	19.06	0
14	6	1990	6	20.62	0.09
15	6	1990	6	21.95	3.16
16	6	1990	6	21.34	1.06
17	6	1990	6	22.13	0.22
18	6	1990	6	22.54	5.09
19	6	1990	6	22.58	0.01
20	6	1990	6	20.61	0.02
21	6	1990	6	22.13	0.08
22	6	1990	6	22.44	1.11
23	6	1990	6	21.25	0.03
24	6	1990	6	18.31	0.01
25	6	1990	6	18.29	0
26	6	1990	6	19.33	0
27	6	1990	6	20.56	0.5
28	6	1990	6	21.56	0.7
29	6	1990	6	22.25	0.91
30	6	1990	6	23.41	0.04
1	7	1990	7	24.26	0.48
2	7	1990	7	22.47	0.02
3	7	1990	7	20.27	0
4	7	1990	7	21.80	0
5	7	1990	7	22.64	0
6	7	1990	7	23.49	2.84
7	7	1990	7	23.89	0.51
8	7	1990	7	24.23	11.16
9	7	1990	7	24.61	1.92
10	7	1990	7	24.43	4.81
11	7	1990	7	24.40	1.1
12	7	1990	7	22.41	9.28
13	7	1990	7	21.64	25.35
14	7	1990	7	20.17	37.26
15	7	1990	7	20.86	6
16	7	1990	7	19.64	0.03
17	7	1990	7	21.06	0.35
18	7	1990	7	20.90	8.38
19	7	1990	7	20.91	5.37
20	7	1990	7	20.60	3.54
21	7	1990	7	21.48	7.09
22	7	1990	7	22.52	7.2
23	7	1990	7	22.39	0.03
24	7	1990	7	21.41	1.21
25	7	1990	7	20.31	5.97
26	7	1990	7	20.28	0.05
27	7	1990	7	20.35	0.02
28	7	1990	7	21.29	0.7
29	7	1990	7	22.34	2.32
30	7	1990	7	22.33	0.03
31	7	1990	7	22.78	0.12
1	8	1990	8	21.11	3.81
2	8	1990	8	20.65	0.06
3	8	1990	8	21.59	3.49
4	8	1990	8	22.37	1.11
5	8	1990	8	23.03	9.11
6	8	1990	8	22.24	2.53
7	8	1990	8	20.69	1.16
8	8	1990	8	19.86	4.33
9	8	1990	8	20.64	15.46
10	8	1990	8	19.28	0.73
11	8	1990	8	19.50	0.44
12	8	1990	8	20.82	0.01
13	8	1990	8	20.96	8.18
14	8	1990	8	21.49	3.94
15	8	1990	8	22.51	2.26
16	8	1990	8	22.44	0
17	8	1990	8	21.86	0.17
18	8	1990	8	22.84	0.25
19	8	1990	8	23.28	0.41
20	8	1990	8	24.02	2.42
21	8	1990	8	23.34	32.62
22	8	1990	8	21.58	10.3
23	8	1990	8	21.78	5.56
24	8	1990	8	22.16	18.4
25	8	1990	8	22.66	10.85
26	8	1990	8	23.55	2
27	8	1990	8	23.52	0.31
28	8	1990	8	23.59	0.04
29	8	1990	8	22.76	3.07
30	8	1990	8	20.98	13.53
31	8	1990	8	19.57	29.96
1	9	1990	9	20.93	0.05
2	9	1990	9	22.06	0
3	9	1990	9	22.47	0.02
4	9	1990	9	21.07	0
5	9	1990	9	21.46	0
6	9	1990	9	22.48	0
7	9	1990	9	23.35	0.03
8	9	1990	9	23.14	4.65
9	9	1990	9	22.07	10.07
10	9	1990	9	22.53	6.98
11	9	1990	9	21.40	2.75
12	9	1990	9	21.42	7.35
13	9	1990	9	20.00	6.47
14	9	1990	9	19.82	3.11
15	9	1990	9	19.56	5.09
16	9	1990	9	16.35	0.02
17	9	1990	9	15.26	0.03
18	9	1990	9	14.19	0
19	9	1990	9	16.29	0.14
20	9	1990	9	20.10	0.21
21	9	1990	9	19.27	2.53
22	9	1990	9	18.88	11.65
23	9	1990	9	12.63	0.06
24	9	1990	9	10.43	0.02
25	9	1990	9	11.35	0
26	9	1990	9	13.92	0
27	9	1990	9	15.48	0
28	9	1990	9	15.25	0
29	9	1990	9	16.65	0
30	9	1990	9	17.33	0.01
1	10	1990	10	16.39	0.46
2	10	1990	10	15.61	0.01
3	10	1990	10	15.50	0
4	10	1990	10	16.99	12.68
5	10	1990	10	15.59	0.07
6	10	1990	10	14.83	0.01
7	10	1990	10	15.46	0.05
8	10	1990	10	18.05	10.24
9	10	1990	10	19.06	0.08
10	10	1990	10	17.10	16.55
11	10	1990	10	15.55	16.39
12	10	1990	10	16.35	74.05
13	10	1990	10	17.78	2.19
14	10	1990	10	17.16	0
15	10	1990	10	14.98	0
16	10	1990	10	14.34	0.01
17	10	1990	10	14.73	0.24
18	10	1990	10	15.19	45.08
19	10	1990	10	9.11	0
20	10	1990	10	8.58	0
21	10	1990	10	11.08	1.09
22	10	1990	10	13.31	45.94
23	10	1990	10	13.82	8.53
24	10	1990	10	12.39	0
25	10	1990	10	7.76	14.21
26	10	1990	10	5.52	0.04
27	10	1990	10	7.01	0
28	10	1990	10	7.79	0
29	10	1990	10	7.69	0
30	10	1990	10	8.84	0
31	10	1990	10	11.08	0
1	11	1990	11	12.02	0
2	11	1990	11	12.01	0
3	11	1990	11	11.83	0
4	11	1990	11	12.05	0.03
5	11	1990	11	12.43	7.13
6	11	1990	11	9.56	0.06
7	11	1990	11	8.64	0
8	11	1990	11	6.57	0.01
9	11	1990	11	4.87	37.1
10	11	1990	11	5.59	1.26
11	11	1990	11	6.40	0
12	11	1990	11	9.05	0
13	11	1990	11	8.21	0
14	11	1990	11	8.47	0
15	11	1990	11	9.19	0
16	11	1990	11	9.71	0.04
17	11	1990	11	6.91	0.33
18	11	1990	11	6.22	0
19	11	1990	11	6.04	0
20	11	1990	11	8.82	0
21	11	1990	11	9.32	0
22	11	1990	11	9.59	0.04
23	11	1990	11	11.09	0.67
24	11	1990	11	9.32	0
25	11	1990	11	11.26	0
26	11	1990	11	10.85	0
27	11	1990	11	12.79	0.62
28	11	1990	11	15.65	10
29	11	1990	11	7.43	0.01
30	11	1990	11	3.06	0
1	12	1990	12	4.27	0
2	12	1990	12	7.33	1.01
3	12	1990	12	11.11	22.46
4	12	1990	12	4.38	0.12
5	12	1990	12	0.28	0
6	12	1990	12	3.58	0.12
7	12	1990	12	2.91	1.28
8	12	1990	12	3.96	0.01
9	12	1990	12	4.32	0
10	12	1990	12	6.48	0
11	12	1990	12	7.04	0
12	12	1990	12	7.04	0.06
13	12	1990	12	8.00	3.68
14	12	1990	12	6.67	3.93
15	12	1990	12	7.70	0.41
16	12	1990	12	8.67	0.12
17	12	1990	12	8.16	4.92
18	12	1990	12	11.66	13.71
19	12	1990	12	10.38	0.01
20	12	1990	12	6.30	6.37
21	12	1990	12	8.18	3.59
22	12	1990	12	11.99	3.92
23	12	1990	12	13.59	59.05
24	12	1990	12	2.21	0.07
25	12	1990	12	-3.51	0
26	12	1990	12	-1.19	0.01
27	12	1990	12	-0.10	14.11
28	12	1990	12	4.67	0.77
29	12	1990	12	8.59	5.32
30	12	1990	12	13.41	13.04
31	12	1990	12	6.87	0.33
