57.470
56.053
53.789
53.223
54.070
52.090
50.673
52.090
52.938
51.240
53.504
88.892
78.135
98.801
99.082
80.115
73.606
94.272
116.920
92.573
80.115
74.454
79.549
74.454
68.508
65.111
62.847
60.867
58.318
57.185
58.036
56.904
52.656
52.938
52.090
49.260
50.958
50.673
48.127
48.127
49.541
48.127
48.693
47.561
47.277
47.843
51.806
53.789
48.409
45.863
45.578
45.578
47.277
47.561
46.995
46.429
45.297
43.880
42.748
42.181
41.615
42.748
40.199
43.032
46.711
54.070
50.107
56.619
72.190
63.131
55.769
51.806
53.789
59.168
55.487
52.090
77.285
176.086
147.494
119.185
314.237
265.262
221.948
189.391
159.101
130.507
107.011
135.887
193.354
175.519
147.494
119.466
103.896
95.404
89.743
84.363
78.983
76.152
104.181
182.031
174.953
150.325
122.581
154.288
348.208
351.039
314.237
238.366
177.784
137.585
120.317
110.408
103.048
97.102
92.007
88.326
89.176
90.875
84.645
80.115
77.851
74.739
71.908
70.491
69.359
66.810
65.962
64.545
64.264
61.715
59.168
58.036
56.619
55.487
53.504
56.619
53.504
62.281
167.875
158.817
124.280
134.189
100.784
110.124
138.433
130.226
104.181
87.760
79.268
75.586
89.743
77.285
71.908
67.376
63.131
59.450
56.619
55.203
53.504
52.372
49.826
47.843
47.561
45.012
43.880
44.164
44.730
43.032
49.541
54.355
54.636
53.223
45.297
42.181
41.331
82.380
108.425
90.024
65.962
55.769
50.392
48.127
44.164
42.463
46.711
44.446
49.826
43.598
39.351
37.934
36.802
35.669
41.331
36.520
33.689
31.991
31.425
30.859
30.293
30.008
30.859
28.876
27.206
26.554
27.121
37.652
37.934
37.934
33.689
45.297
43.314
33.971
29.726
27.459
27.630
28.111
25.621
24.856
24.913
25.138
23.525
23.271
23.044
22.563
22.025
23.300
23.271
23.667
31.706
27.630
25.280
29.442
31.706
28.281
35.103
32.557
26.782
24.714
24.176
22.392
20.523
19.533
18.714
20.865
25.138
24.657
30.293
30.008
27.800
23.468
21.488
19.590
18.657
21.630
22.591
20.722
18.543
17.749
17.015
16.307
16.646
16.560
16.845
18.005
18.796
16.987
18.600
18.771
24.034
26.611
21.968
22.677
60.582
70.773
73.322
59.735
41.615
33.405
31.425
32.273
28.594
26.327
25.280
24.119
23.243
21.997
21.007
20.637
20.523
20.523
20.441
20.580
25.280
24.828
22.082
20.808
20.270
20.270
30.574
33.405
27.800
28.594
30.859
31.991
36.802
32.557
28.594
26.216
25.308
25.960
25.479
25.650
24.998
23.752
23.072
21.826
20.921
20.156
20.071
23.781
29.160
27.320
31.140
31.706
27.234
25.479
24.771
24.771
42.463
64.545
47.277
56.904
89.743
66.244
49.826
42.748
39.066
36.802
34.822
33.971
32.273
30.859
29.726
29.442
31.706
29.726
28.253
27.320
26.554
25.818
25.479
25.112
24.404
24.062
24.034
23.328
22.224
23.328
24.148
23.468
22.224
22.364
23.496
27.800
27.601
28.310
26.640
24.546
23.781
23.357
21.260
22.364
22.648
22.196
21.630
21.035
20.099
15.371
21.288
26.554
22.648
22.082
21.516
21.798
22.082
21.798
21.798
21.712
21.089
20.156
19.761
19.419
19.903
20.412
20.270
20.552
19.590
20.156
44.446
50.673
34.537
28.876
27.149
25.732
25.874
24.290
33.405
158.535
113.239
69.359
55.203
47.561
42.748
41.897
61.715
88.044
98.235
77.003
62.847
61.715
63.979
55.203
50.107
46.711
43.880
42.181
40.199
38.218
37.652
46.995
46.711
39.917
37.086
35.669
34.256
33.405
32.557
31.991
31.706
31.706
31.140
30.574
29.160
28.876
28.594
28.111
29.726
34.256
38.500
42.181
41.331
39.632
37.368
34.537
73.040
118.900
84.078
61.148
52.090
47.561
48.693
54.070
48.409
44.164
43.314
42.463
40.765
38.785
36.236
42.748
38.218
36.802
36.802
37.652
35.669
41.049
38.785
35.103
34.537
36.802
35.103
32.557
31.425
30.293
29.442
28.876
27.943
26.554
25.818
25.479
25.112
25.818
27.573
28.594
26.045
25.846
46.429
46.711
36.520
31.140
32.273
31.425
28.876
27.914
29.726
41.049
44.446
35.388
30.574
28.594
26.187
25.761
92.855
129.660
109.276
71.623
55.769
85.495
57.470
71.057
63.697
57.752
62.565
49.826
49.541
43.598
39.632
36.236
33.971
38.218
39.632
35.388
31.140
29.726
28.594
28.310
27.405
24.998
22.958
23.638
22.563
25.112
28.876
22.421
19.448
19.024
20.213
27.405
22.648
28.876
29.442
27.092
25.223
24.489
21.855
20.213
18.401
17.069
17.325
21.855
20.441
17.382
21.232
22.364
19.362
24.261
35.388
26.697
20.412
18.119
17.126
20.836
27.377
22.930
21.855
22.278
18.825
19.875
19.448
21.175
21.260
20.071
18.230
19.675
21.374
19.448
18.005
15.542
15.203
17.610
17.439
16.307
15.741
14.466
13.957
14.182
14.267
14.665
14.099
13.644
13.220
12.654
12.031
11.721
11.860
12.031
12.145
11.721
11.749
12.287
13.644
13.078
14.014
18.230
24.489
42.463
26.327
20.978
17.664
16.165
15.061
13.730
13.163
13.163
14.409
14.580
13.786
12.483
12.512
12.316
12.088
11.860
11.408
11.126
11.041
11.126
10.870
10.646
10.190
10.190
10.842
10.190
9.823
9.880
10.051
10.080
9.880
9.795
10.927
12.287
12.683
12.344
11.860
11.380
11.522
11.721
11.806
11.437
11.522
11.550
11.266
11.860
13.363
13.929
21.488
50.958
37.368
23.781
18.939
17.240
16.250
15.769
15.371
14.381
14.324
14.239
13.929
12.939
12.683
12.853
12.768
12.853
12.768
12.882
12.825
12.796
13.419
13.673
12.996
14.833
19.590
17.977
15.032
15.485
16.335
16.136
15.937
16.646
16.421
16.222
21.911
43.032
37.086
26.864
22.591
20.441
18.429
17.949
17.069
16.079
16.674
17.610
15.399
16.617
28.594
37.652
31.991
27.405
22.987
22.648
19.109
22.111
23.158
25.678
43.598
59.168
45.012
36.520
31.140
27.971
43.314
114.371
88.892
76.437
195.053
176.652
138.718
79.834
58.318
50.107
43.314
41.331
40.483
39.351
37.934
36.236
34.537
33.123
31.706
31.140
35.388
48.693
65.962
76.152
84.645
65.111
52.938
45.297
42.748
40.483
38.500
46.144
95.686
94.838
348.208
308.576
243.746
187.693
112.673
79.549
77.569
84.645
72.756
64.545
61.433
57.470
54.355
65.111
106.445
109.842
85.780
73.606
66.528
60.867
55.769
52.656
50.392
48.975
55.203
63.131
63.413
61.715
59.450
58.602
56.335
53.789
84.078
96.252
78.702
67.942
62.281
58.884
56.053
54.636
54.070
60.867
60.301
56.619
53.789
51.524
50.673
48.975
46.144
44.730
43.598
43.314
40.483
39.066
37.934
38.500
39.351
39.632
37.086
38.785
44.730
39.917
39.917
39.351
39.917
49.541
50.107
44.446
41.331
39.917
39.351
43.314
43.880
49.541
56.053
52.656
48.127
46.144
43.598
41.331
39.351
40.199
81.248
113.520
124.561
88.610
71.342
62.281
57.185
53.223
50.107
47.277
45.578
44.164
45.578
45.297
41.897
39.351
37.652
35.669
34.537
34.537
36.236
33.971
37.086
39.351
44.164
41.615
41.331
45.578
54.070
51.240
52.372
77.851
71.342
90.875
69.359
84.645
87.478
63.413
52.656
50.958
51.240
46.144
41.049
37.368
35.954
37.368
46.711
39.632
78.417
69.925
49.260
42.463
38.500
40.199
37.934
35.103
32.273
30.859
29.726
30.008
29.442
35.669
34.822
30.859
35.103
31.140
28.196
26.216
26.526
26.640
24.628
24.404
25.678
26.526
26.384
28.224
32.839
39.917
91.157
70.207
52.090
53.504
45.012
45.012
54.070
46.144
38.785
60.301
65.678
60.867
49.541
42.748
37.934
41.331
93.706
63.697
72.474
130.226
88.610
61.148
49.541
43.314
39.632
37.086
37.652
38.785
43.880
42.463
58.318
43.880
37.368
34.256
32.273
31.706
33.971
40.199
33.689
30.008
28.594
27.459
28.054
30.293
26.554
25.195
24.828
24.546
23.809
22.930
25.365
30.293
29.442
25.365
23.781
22.591
22.364
22.111
21.658
21.684
21.769
23.496
23.837
22.902
22.139
21.459
20.694
20.099
22.449
20.950
20.665
21.968
21.684
19.846
19.448
19.533
19.562
19.362
18.853
18.685
18.771
18.657
17.610
17.183
17.382
17.382
17.126
19.109
22.734
23.072
36.520
32.273
40.199
81.248
47.561
32.273
27.687
25.394
24.714
24.176
23.951
23.695
23.328
22.791
27.377
34.256
27.687
24.657
23.581
22.958
22.250
20.836
20.893
23.667
60.867
72.756
46.711
36.802
32.839
30.293
28.876
28.000
29.160
47.277
44.446
35.669
32.273
30.574
31.991
41.049
45.012
44.164
46.429
45.297
41.331
37.652
35.103
33.971
34.822
90.875
103.048
86.346
86.346
73.040
67.376
80.966
162.214
147.494
140.982
94.838
69.640
65.678
116.636
95.686
73.606
66.244
110.690
121.731
92.573
77.569
71.908
64.545
59.450
56.904
54.070
56.053
67.094
63.697
63.697
86.627
84.645
70.207
63.979
65.396
76.719
69.925
62.565
59.168
56.335
53.789
51.524
51.524
54.636
52.656
48.975
46.995
46.711
45.012
43.598
42.463
39.632
40.199
42.181
108.991
144.379
125.694
92.573
77.003
71.623
67.942
65.678
65.396
69.074
68.227
339.716
342.547
305.745
222.796
142.115
108.425
95.970
86.627
84.363
89.176
89.458
84.645
79.834
81.532
76.719
75.871
73.888
71.623
68.793
65.396
69.359
157.969
137.019
103.330
87.478
79.268
74.739
75.020
71.342
66.810
63.979
62.281
146.362
168.726
138.152
107.577
93.987
86.061
79.549
73.888
70.207
68.227
65.678
107.011
281.680
226.193
153.156
174.953
162.498
130.226
109.557
102.482
94.553
144.945
184.578
169.858
137.867
116.069
106.727
137.585
176.086
152.023
151.457
211.473
176.370
157.119
193.354
245.444
216.287
190.808
155.986
131.640
141.548
137.585
121.449
113.805
110.124
99.933
93.987
89.743
97.384
157.119
150.040
121.449
103.896
95.970
90.309
86.912
83.797
80.400
78.135
79.549
74.172
70.207
67.942
70.773
69.074
65.111
62.565
61.433
63.131
79.268
73.322
72.190
76.437
66.810
66.528
106.161
153.722
155.986
142.965
116.069
93.987
84.078
77.851
72.190
69.359
67.942
64.264
61.433
60.016
58.036
60.301
58.602
60.301
62.847
58.884
54.636
50.392
47.843
46.429
44.730
43.314
42.463
42.181
49.826
57.185
50.392
51.524
47.843
45.297
45.863
43.880
41.331
39.351
38.218
46.711
55.769
64.545
72.474
56.053
46.995
46.429
50.107
48.975
40.765
37.652
35.954
34.256
33.123
33.405
32.557
30.859
30.008
29.726
29.160
28.594
29.160
28.594
28.167
27.348
26.074
25.761
25.337
25.931
24.771
23.809
23.015
22.819
22.620
23.923
26.754
25.593
23.610
23.300
23.101
25.874
27.601
24.856
23.496
22.648
21.798
20.950
19.732
18.714
18.515
18.515
18.062
17.553
17.468
17.297
16.674
17.411
16.930
27.092
23.468
21.203
19.903
19.024
17.636
17.325
18.091
19.195
21.146
44.730
61.148
35.954
30.859
27.149
26.611
25.479
23.781
23.214
31.140
48.127
39.632
28.310
25.479
22.392
19.732
23.411
47.277
66.528
43.032
35.103
31.140
27.715
26.412
25.818
24.771
24.261
24.546
24.404
23.781
22.987
22.902
23.923
24.685
23.101
22.705
22.307
22.563
36.520
63.979
78.702
52.938
39.066
34.256
32.273
30.574
28.876
28.000
28.876
50.673
95.119
64.264
48.127
42.181
39.066
37.086
35.669
34.256
32.557
31.140
30.859
30.859
30.859
30.008
28.594
28.876
28.876
30.008
32.839
31.140
29.726
29.726
37.368
54.070
43.880
37.652
35.669
38.218
48.127
45.578
41.049
72.756
119.185
86.061
65.962
110.408
140.132
110.974
74.739
63.413
83.797
221.948
189.957
200.717
180.615
138.718
95.970
80.966
103.614
270.076
218.833
189.110
144.097
97.102
84.645
77.569
72.190
68.793
65.396
86.912
84.363
72.190
65.111
63.413
61.999
144.379
160.515
118.052
83.512
76.719
71.057
67.376
64.545
62.565
60.867
59.450
56.619
54.636
58.602
86.627
72.756
62.847
60.016
57.752
55.769
54.636
63.979
78.983
67.660
60.582
56.053
55.487
72.474
109.842
89.743
76.152
70.773
66.528
62.847
60.301
57.185
55.487
54.355
54.636
53.223
52.090
49.260
47.843
48.693
48.693
52.372
53.504
144.379
356.703
244.597
187.693
127.677
96.252
86.346
80.682
76.152
71.908
103.330
101.916
85.495
78.135
118.900
168.160
128.243
99.367
88.610
83.512
79.268
83.797
95.686
97.669
89.176
82.380
77.569
74.739
70.773
73.040
73.888
68.508
66.528
64.830
64.264
62.847
74.739
166.743
139.284
102.764
87.760
86.061
81.248
75.871
114.371
170.140
133.622
105.594
92.573
85.214
83.512
119.751
176.652
161.648
127.392
102.764
109.276
186.560
177.784
149.193
114.937
104.462
100.499
93.706
88.326
84.363
81.248
79.834
80.400
80.115
103.330
97.102
84.929
78.983
79.268
85.214
78.702
76.152
81.814
77.851
103.330
163.346
156.271
134.470
260.733
308.576
256.204
206.660
158.535
123.714
110.124
101.631
93.706
88.610
84.645
81.248
78.135
75.305
72.190
70.207
67.376
63.131
63.131
63.131
67.942
74.454
80.115
72.474
63.131
59.450
57.470
55.487
53.223
51.524
50.107
48.975
47.561
46.429
46.711
45.297
49.260
51.806
52.656
48.975
50.673
55.203
56.619
47.277
45.578
65.962
91.441
87.194
71.057
61.715
53.789
50.958
66.810
64.545
67.942
61.715
56.904
75.020
56.904
52.656
57.470
61.433
52.656
46.429
43.598
41.615
40.483
46.429
47.277
60.867
52.372
63.979
116.920
119.185
88.326
63.979
58.036
52.656
48.693
46.429
49.826
59.168
62.847
103.048
87.760
91.157
95.686
89.458
77.285
73.322
64.264
59.735
60.867
54.636
54.636
60.301
65.962
67.094
71.342
94.272
68.793
61.433
61.999
58.318
62.281
55.487
50.392
50.673
48.409
45.863
44.164
44.164
43.880
43.598
48.693
48.975
47.843
41.049
38.785
37.086
35.954
35.388
33.971
34.256
35.103
35.388
34.256
33.689
31.991
29.160
28.054
28.594
27.544
26.725
26.469
26.782
26.298
25.761
25.507
25.422
24.828
24.657
24.375
23.724
23.610
24.375
25.027
26.497
26.045
24.771
23.977
23.667
23.894
23.553
23.581
24.005
24.856
24.461
23.638
23.214
23.072
22.535
22.762
22.873
23.385
24.856
23.525
24.005
27.177
32.557
33.405
34.822
28.876
26.355
26.355
32.273
37.368
31.991
30.008
27.829
27.516
29.160
41.897
38.500
31.706
29.442
28.310
29.726
48.409
45.863
35.388
31.706
30.574
29.726
28.310
27.829
28.196
30.008
28.594
26.839
26.216
25.761
25.707
25.195
24.998
47.561
67.376
46.144
37.934
35.103
37.934
39.917
40.199
63.413
57.752
46.429
42.181
39.066
37.652
35.954
34.537
33.689
32.557
31.706
30.293
30.008
29.726
29.726
29.726
30.859
31.140
29.160
28.876
28.594
27.800
27.630
27.433
27.487
27.064
26.921
30.008
51.806
80.115
72.190
54.355
46.144
41.897
38.785
36.802
35.954
34.822
32.273
32.273
31.706
29.726
31.425
33.689
32.557
31.140
31.140
31.140
31.140
31.140
31.140
31.140
31.140
28.310
28.310
28.310
33.689
88.326
152.589
122.863
77.851
63.413
69.074
64.830
54.921
49.260
47.277
49.260
168.441
144.097
90.875
72.190
63.979
58.318
54.921
52.656
51.240
49.260
46.995
46.144
45.578
46.995
62.847
61.999
54.636
50.958
48.975
46.429
44.446
44.164
41.897
40.199
39.632
39.632
37.934
36.520
36.236
35.388
34.822
34.537
33.971
33.971
33.123
31.991
31.425
31.140
36.520
44.446
40.199
37.086
34.822
33.689
34.256
33.405
32.839
32.273
33.123
31.425
29.442
28.876
29.160
48.409
48.693
38.218
35.388
33.689
33.123
31.991
31.140
32.557
44.446
90.875
73.040
59.450
51.524
47.561
44.730
41.897
39.632
38.785
39.917
35.388
33.971
33.971
32.557
30.574
29.726
30.574
34.822
34.537
30.859
29.160
28.310
29.160
35.954
37.086
37.652
44.446
79.834
63.131
48.975
43.314
42.181
37.934
35.103
32.839
30.859
30.008
29.442
29.442
29.160
28.139
27.121
26.244
27.092
26.469
24.856
24.233
23.724
24.204
23.923
23.129
22.506
23.724
27.914
29.442
23.610
22.278
22.535
21.997
20.978
19.024
18.572
18.572
18.939
18.515
18.230
17.610
16.702
20.185
17.636
20.042
18.714
17.721
16.617
21.573
33.405
41.331
35.954
27.630
23.214
25.650
28.876
27.744
26.045
22.111
19.505
22.250
20.893
20.808
29.726
26.978
22.791
24.799
21.855
19.223
17.354
16.731
18.796
21.260
29.726
39.632
44.446
48.127
45.578
67.094
58.036
60.867
59.168
53.789
41.897
36.520
32.557
29.726
30.574
36.236
35.954
31.425
28.310
28.594
30.008
29.726
24.176
22.478
108.143
193.354
159.101
122.581
70.207
54.070
46.429
43.598
58.036
68.793
59.168
50.673
44.446
49.541
45.297
39.066
35.669
33.405
31.425
31.706
29.160
32.273
33.689
31.991
31.706
33.405
29.726
28.594
27.658
26.130
24.685
23.781
22.958
22.648
22.278
22.364
22.307
22.025
22.054
22.762
22.196
23.072
22.930
21.684
20.580
20.441
24.771
33.689
33.689
26.159
22.705
21.516
20.327
20.185
20.156
19.846
19.590
19.562
19.505
19.419
19.166
18.825
18.685
18.825
18.825
20.355
25.564
27.886
24.461
24.148
22.845
21.855
21.064
19.533
21.089
35.669
132.490
163.912
142.681
125.128
103.330
82.380
69.074
60.867
54.070
49.541
46.429
43.880
42.181
40.765
38.785
37.934
41.049
39.917
37.368
35.954
40.765
105.879
105.594
74.172
61.715
55.203
50.958
48.693
48.693
114.655
148.060
125.412
87.760
73.606
65.962
61.433
56.619
53.223
50.673
48.409
47.561
50.673
53.223
51.240
46.144
43.880
42.463
41.615
40.483
39.632
38.785
37.086
38.500
38.218
37.086
32.839
33.405
35.669
34.822
33.405
33.405
36.802
36.520
34.256
33.971
33.405
31.425
31.425
30.008
28.281
30.008
30.293
29.442
30.574
28.876
30.293
30.008
28.310
27.687
41.049
47.561
39.351
35.103
33.123
31.140
30.859
34.537
34.822
25.479
29.442
33.971
29.442
28.594
29.442
29.442
29.726
29.442
30.293
32.557
32.839
30.574
29.726
31.706
31.425
28.876
28.594
30.008
30.293
33.405
60.867
63.697
50.107
43.032
39.632
37.652
35.954
34.822
33.971
34.256
33.405
31.706
30.293
30.008
29.726
28.876
28.310
28.139
27.601
27.234
27.263
29.442
29.726
46.995
96.818
84.929
69.640
57.470
49.541
55.769
75.586
62.281
53.223
48.409
45.578
43.314
41.331
39.351
38.218
36.520
35.388
34.256
33.123
32.839
32.557
31.425
30.859
30.293
29.726
30.859
31.425
30.008
27.800
27.601
27.320
26.810
26.355
25.874
25.451
25.451
25.507
25.650
27.744
30.293
26.640
24.941
24.318
24.119
23.667
23.214
22.734
21.798
21.260
21.544
21.232
20.441
19.448
20.185
21.573
21.035
21.488
20.412
19.647
18.910
23.894
29.442
23.214
21.488
30.008
29.160
27.320
30.574
36.520
30.293
27.857
28.594
26.810
31.425
58.602
83.231
60.301
45.863
42.748
35.388
35.103
41.615
34.256
31.991
28.876
30.859
29.160
26.187
46.429
40.199
46.995
34.822
29.726
27.630
24.628
23.328
21.516
20.865
20.128
19.675
18.771
17.269
16.902
18.230
17.553
16.930
16.816
16.759
21.374
19.875
22.335
26.102
22.791
18.202
16.560
14.694
14.495
14.523
14.722
16.250
16.845
14.609
13.448
13.872
15.456
15.798
13.701
12.569
11.917
11.070
11.323
12.060
15.004
15.570
17.468
21.855
16.873
14.552
13.587
12.455
11.493
10.899
13.587
14.523
14.665
18.287
17.920
15.570
15.428
19.505
14.862
15.203
22.958
20.469
17.297
16.392
36.520
62.847
44.446
27.943
23.977
23.439
23.977
26.327
19.419
15.656
15.485
15.032
14.890
13.758
13.391
15.343
30.574
41.331
38.218
48.693
34.822
26.327
21.345
21.260
20.156
18.882
19.308
20.014
18.287
15.769
15.399
15.203
15.203
15.061
15.004
15.712
19.052
16.532
16.449
16.165
15.712
14.694
13.644
13.391
13.533
13.843
14.182
15.542
14.495
13.277
12.401
12.202
12.344
13.815
20.779
20.978
21.997
22.930
55.769
50.392
32.557
24.600
21.997
20.469
18.119
18.034
17.553
17.098
16.759
21.630
105.594
118.618
68.508
43.880
37.086
33.971
33.405
34.537
33.689
32.557
30.293
32.273
32.557
46.995
48.975
42.181
38.500
48.409
45.578
39.351
37.652
39.351
36.802
34.822
31.425
32.273
42.463
39.632
36.520
35.954
38.218
139.850
221.098
213.456
186.845
97.102
76.437
155.986
172.407
159.383
112.673
80.115
70.207
63.979
63.413
73.322
85.780
98.516
81.532
69.925
63.697
60.016
56.619
56.053
54.355
51.240
48.975
46.429
46.144
142.681
182.031
159.383
106.727
78.702
70.773
65.678
61.715
60.016
61.148
56.619
53.504
51.806
50.107
48.693
48.127
46.711
46.144
47.277
44.730
43.314
42.181
41.897
42.181
43.032
57.185
124.561
116.354
82.664
72.474
68.508
60.582
63.697
78.417
67.094
60.016
56.619
56.904
64.830
61.999
62.281
73.606
69.359
63.413
59.168
57.185
54.636
51.806
48.693
47.843
47.277
46.429
45.578
46.144
54.070
61.999
56.619
56.619
54.921
55.487
60.016
75.871
71.342
63.413
60.301
90.875
201.565
390.674
345.377
280.832
196.185
120.032
98.235
88.892
82.946
84.929
91.157
81.248
75.586
71.908
68.793
66.528
64.830
62.565
60.301
77.851
83.512
70.491
65.962
61.999
59.735
65.396
76.719
67.376
71.623
66.528
67.376
107.011
99.651
81.814
80.966
88.326
85.780
95.686
98.516
93.139
89.458
83.512
78.135
73.606
69.925
68.227
136.453
145.511
121.731
100.218
89.176
82.380
76.719
72.190
73.040
82.664
74.454
69.074
64.830
61.715
59.450
57.185
56.619
63.413
58.602
55.769
53.504
52.372
50.673
48.975
46.711
43.880
41.897
43.032
45.297
49.260
60.301
56.619
50.392
45.863
45.297
48.975
53.789
49.541
50.107
48.693
46.429
46.711
48.693
57.470
58.884
53.789
47.843
55.203
70.773
52.372
69.359
58.884
46.711
42.181
39.632
38.785
37.086
49.826
42.463
40.765
38.500
37.086
40.483
41.897
45.578
74.172
53.504
54.070
60.582
57.752
46.711
55.487
82.946
65.111
51.806
42.748
39.632
37.934
49.260
50.673
48.693
90.309
90.024
58.318
50.958
46.995
44.446
44.730
41.897
37.086
37.368
35.669
32.557
29.726
28.876
27.886
26.921
25.422
25.084
24.404
23.951
23.300
22.734
21.798
21.741
22.054
21.089
27.800
28.594
24.233
30.293
25.251
24.091
33.405
55.203
40.765
38.500
31.991
28.876
25.536
24.176
23.525
22.563
22.054
21.488
26.497
32.273
28.310
26.554
23.214
20.156
17.183
16.873
17.778
19.024
16.759
16.788
16.816
16.108
15.966
16.079
15.513
16.307
16.589
45.863
94.553
72.190
44.164
39.066
50.392
61.999
83.231
60.582
44.164
35.954
37.652
43.032
33.405
31.425
28.594
25.621
23.837
22.620
22.025
21.459
21.064
20.441
20.355
28.594
33.971
24.657
20.836
19.789
18.939
18.910
18.685
19.280
18.515
18.230
17.411
16.449
16.674
16.958
16.503
16.364
16.051
15.769
15.004
15.855
16.674
16.589
16.222
16.108
15.599
15.399
16.051
17.582
17.325
16.646
16.503
15.855
14.947
15.004
15.399
15.456
15.004
14.776
14.495
13.929
30.008
47.843
30.008
22.677
20.921
18.316
16.845
48.127
83.512
55.769
41.049
35.103
30.859
28.594
27.971
25.707
25.280
27.035
33.689
41.049
41.897
37.086
33.971
30.574
29.160
28.594
27.064
25.593
25.593
25.761
30.574
35.954
33.123
29.160
27.630
43.314
82.380
58.036
44.446
39.632
37.368
35.669
35.388
34.256
32.273
36.802
40.199
37.086
39.066
45.578
42.181
37.934
37.086
35.954
35.103
37.086
36.520
31.991
29.726
28.876
34.537
31.991
30.574
30.574
31.706
31.706
30.859
28.594
28.594
48.409
74.739
167.027
175.519
148.626
90.024
68.793
61.433
56.335
49.826
46.429
45.297
43.598
42.748
42.181
43.314
46.429
50.673
54.921
48.693
42.463
42.463
41.049
38.785
37.934
37.368
35.669
35.103
34.537
37.934
36.236
34.537
34.537
37.652
37.086
33.971
33.405
33.971
33.971
32.839
32.273
28.876
27.658
28.594
30.008
29.442
28.876
28.876
27.035
26.668
28.253
29.160
30.574
31.706
30.574
34.537
35.103
30.293
29.160
28.310
28.310
31.706
30.574
26.921
26.725
27.121
27.886
29.160
35.669
32.839
27.007
25.365
26.187
27.715
27.544
28.310
29.160
61.715
75.871
53.504
47.277
43.598
40.483
38.218
35.954
74.739
93.706
68.793
60.016
53.504
48.127
45.297
49.541
50.673
44.164
41.331
39.632
39.066
36.236
34.256
34.822
33.123
31.706
30.574
29.160
27.234
26.469
27.064
29.726
30.574
27.630
25.308
24.347
25.422
26.298
24.204
23.385
24.856
24.600
25.055
28.310
29.726
27.658
25.055
22.677
21.573
21.035
21.232
21.035
21.260
19.875
19.476
19.081
17.920
16.902
16.589
16.930
16.646
15.966
15.542
15.399
15.146
14.153
14.748
16.392
16.731
14.128
12.597
12.427
12.910
13.448
16.108
16.307
19.166
16.958
15.909
16.646
14.381
14.776
18.091
19.675
16.108
14.438
13.277
12.825
18.091
18.486
14.128
14.296
17.692
16.560
14.495
13.334
12.344
11.946
13.334
17.553
22.845
18.882
14.833
12.654
17.806
16.617
20.808
17.183
18.259
22.791
31.140
21.402
17.325
16.475
15.456
15.542
14.805
16.335
14.609
13.758
13.249
13.021
12.739
18.344
34.537
28.876
25.707
19.675
18.910
18.458
18.148
17.126
14.153
12.768
17.496
17.155
14.182
13.192
15.428
18.458
16.421
16.193
16.136
15.032
13.701
13.587
9.681
10.108
15.175
15.175
14.637
14.153
12.626
22.449
35.669
27.405
19.448
15.909
14.495
14.947
14.438
13.078
13.533
13.306
12.882
12.259
16.421
25.707
24.347
19.761
18.825
15.798
14.637
14.071
14.014
13.391
12.796
12.967
12.853
13.050
13.277
19.533
61.715
76.437
45.863
30.859
24.742
21.855
20.355
19.391
18.939
18.572
18.005
16.392
15.937
15.399
15.371
15.314
15.456
15.061
15.570
16.051
16.108
15.289
14.947
14.722
14.833
14.805
14.409
14.153
14.381
15.855
16.136
15.542
15.232
26.611
48.409
30.574
22.139
19.195
17.977
16.930
16.503
16.222
15.994
15.656
15.570
17.015
19.337
18.119
21.175
49.541
40.483
30.293
28.310
26.273
23.214
27.829
58.318
49.826
37.652
32.273
28.594
25.451
23.866
23.951
22.620
20.609
19.875
19.391
19.505
18.572
17.155
17.126
17.692
17.977
18.119
17.126
16.165
15.260
16.165
16.617
16.987
17.949
20.523
19.818
20.637
18.657
18.486
18.685
20.384
30.859
48.975
50.673
38.785
32.557
28.281
27.234
29.442
25.593
24.657
31.140
37.652
54.070
62.281
56.053
53.223
54.921
46.995
41.049
37.086
34.256
31.706
28.000
25.678
26.554
27.064
25.707
23.923
22.845
22.335
21.345
21.911
22.535
21.741
21.374
20.779
21.064
24.375
28.082
26.159
24.148
21.940
21.741
21.345
19.308
20.014
21.089
20.950
25.707
41.615
37.086
35.388
56.619
92.007
69.640
51.806
44.164
42.463
48.975
154.570
140.698
95.970
75.020
71.342
81.248
113.239
144.945
122.863
89.458
75.586
67.942
63.413
58.884
56.053
54.636
57.185
52.938
50.958
50.392
48.693
53.504
60.867
65.962
117.486
101.916
79.268
70.207
63.697
60.301
57.470
56.619
53.223
50.107
49.260
50.958
64.830
60.301
62.847
70.491
73.322
68.793
63.979
59.735
56.904
54.636
57.185
58.884
54.636
51.524
49.260
47.277
45.863
44.446
43.598
42.463
43.032
42.181
40.483
47.277
54.070
55.769
68.227
99.651
79.268
64.264
78.983
206.944
161.082
112.673
87.478
89.176
86.346
79.549
73.606
68.508
65.111
63.413
60.301
56.335
52.938
50.958
49.260
48.409
59.168
59.450
53.789
49.541
46.995
43.880
41.331
39.351
37.934
38.500
38.785
39.066
47.561
77.569
67.942
52.656
45.863
73.606
89.458
66.244
55.203
53.504
49.826
66.528
138.999
213.738
177.218
158.817
167.027
173.255
209.209
243.464
227.610
178.350
119.751
90.309
82.380
92.573
82.664
89.176
74.739
85.495
184.862
192.222
216.853
220.532
198.734
146.928
117.768
103.048
102.198
91.723
83.797
75.586
71.623
69.925
66.244
63.979
62.281
84.078
102.764
92.007
85.214
80.400
80.115
75.586
66.244
61.433
60.867
78.702
75.020
80.966
64.830
56.619
52.090
49.260
47.277
45.297
42.748
42.748
41.897
46.144
49.826
44.446
45.578
50.958
47.843
47.843
67.094
59.450
47.277
44.446
43.314
49.826
45.297
50.673
63.697
65.396
91.723
65.396
52.938
46.995
45.578
43.314
40.765
39.632
39.632
48.127
44.446
40.199
39.351
39.066
44.446
45.297
56.904
53.504
60.301
52.090
44.164
40.765
39.066
39.632
120.032
128.243
78.135
67.094
152.023
128.809
85.214
84.929
198.734
245.729
261.865
257.618
236.952
187.977
115.788
87.478
78.417
71.623
67.094
63.697
60.867
58.318
56.904
54.070
52.090
77.569
96.536
126.826
107.293
82.664
72.474
66.244
62.565
59.735
56.904
55.203
53.504
52.090
50.958
51.240
52.372
50.107
48.409
47.561
46.995
51.240
58.884
54.070
53.223
49.826
45.297
44.730
43.598
44.164
52.938
240.631
179.767
125.128
85.780
75.305
69.925
71.623
135.887
109.557
86.061
78.417
73.606
70.207
66.528
63.131
61.433
59.735
58.318
56.619
55.769
54.921
53.789
83.512
100.499
86.346
77.851
94.553
138.152
112.954
92.573
83.512
75.871
70.773
67.942
66.244
63.413
60.301
58.318
57.752
56.904
56.335
55.487
54.355
52.938
52.938
64.264
105.879
92.289
73.606
70.773
83.797
100.218
98.516
106.727
108.710
92.573
82.664
76.152
71.057
67.376
64.830
63.131
61.715
60.582
60.016
59.450
87.478
86.627
72.190
68.508
96.818
120.032
97.384
83.797
80.966
110.974
101.916
85.780
80.115
77.003
134.755
127.677
100.784
89.458
83.512
79.268
184.578
204.680
174.387
131.924
101.350
92.855
325.560
365.195
311.406
297.250
224.213
167.027
166.177
192.506
180.049
159.383
130.792
118.052
110.974
105.028
103.896
164.478
169.858
144.379
120.883
108.710
101.065
104.462
103.330
97.102
92.007
88.610
85.780
83.512
131.073
424.645
438.799
359.534
267.808
194.771
147.776
128.809
120.317
113.520
107.859
105.594
100.499
96.818
97.950
104.181
100.784
93.987
88.892
85.495
82.664
80.400
80.682
76.437
73.606
73.040
84.645
82.664
75.020
71.908
70.491
69.074
67.094
65.111
63.131
62.565
62.847
62.281
61.433
65.678
65.678
60.582
58.318
64.264
97.669
82.946
70.207
66.528
65.111
128.527
131.640
96.818
84.078
74.454
71.623
113.520
125.412
95.686
83.512
76.152
70.491
66.528
68.227
65.678
60.301
60.867
61.999
59.735
56.335
54.921
53.504
52.372
56.053
79.268
85.495
70.207
59.168
55.203
53.223
52.656
49.826
48.975
47.843
45.012
46.995
60.867
61.148
48.693
44.446
42.181
40.483
39.351
40.199
41.049
40.199
38.500
38.785
36.236
35.388
34.822
34.256
32.273
31.991
31.140
32.839
35.103
34.822
30.574
29.442
28.167
26.697
25.678
25.818
25.507
28.876
34.537
30.008
32.839
34.822
34.822
69.359
86.912
57.752
42.181
39.632
41.897
49.541
54.921
57.470
48.693
39.632
38.785
38.785
35.103
32.557
31.425
33.123
31.425
30.293
31.140
32.557
30.293
31.425
30.293
30.008
30.859
32.273
42.748
35.388
30.008
29.726
32.273
33.971
31.991
27.459
26.384
26.611
26.554
28.594
53.789
39.917
34.537
53.223
59.168
44.730
38.785
34.822
33.971
77.285
75.020
45.578
37.934
35.103
33.123
31.140
28.876
27.234
30.859
43.032
39.066
36.236
36.802
40.199
39.066
37.086
32.273
29.160
27.573
27.234
27.516
30.859
29.726
25.931
24.489
26.216
24.941
24.148
23.129
22.563
22.873
22.958
23.243
24.375
28.876
27.800
23.781
26.554
29.442
28.876
37.086
128.527
180.049
118.052
62.281
49.826
44.446
92.573
117.486
78.417
59.735
67.094
170.990
134.189
101.065
92.573
71.908
62.847
56.619
52.372
49.260
47.561
45.297
43.880
41.049
40.199
41.049
41.615
39.351
41.049
87.478
76.719
57.752
51.524
48.127
46.429
44.730
43.314
40.483
38.785
39.066
39.066
37.934
37.086
36.520
35.954
35.103
34.822
36.520
38.785
37.934
34.822
35.103
37.086
58.884
61.999
48.693
44.730
43.314
40.765
37.934
37.086
37.368
37.086
37.652
37.368
36.520
35.954
38.785
46.711
46.995
45.863
48.693
85.495
228.742
162.214
116.636
81.248
81.532
81.532
78.417
86.346
