81.532
72.756
67.942
69.074
65.111
61.148
59.735
64.830
63.979
60.016
95.686
165.611
148.060
101.916
83.512
127.392
140.982
108.143
90.024
85.495
82.380
74.454
68.793
65.396
63.413
60.867
58.884
57.752
56.335
56.053
64.830
62.565
56.904
54.921
53.789
52.656
52.656
53.789
51.806
50.107
47.843
46.429
46.144
46.995
67.094
65.678
54.070
52.656
65.396
71.057
80.682
81.248
72.474
68.793
66.244
61.999
59.735
56.904
54.070
53.789
99.651
99.367
107.859
92.007
79.834
74.739
76.152
77.569
72.756
67.660
64.264
65.111
69.640
64.264
60.582
58.318
68.227
74.454
65.396
61.148
59.168
60.582
58.036
54.921
52.938
51.806
56.619
264.130
396.335
325.560
249.126
147.210
106.161
95.970
104.747
111.822
97.669
90.590
89.176
87.194
82.098
78.135
80.115
101.065
105.313
112.673
99.651
89.743
127.392
157.403
213.172
149.474
114.937
102.198
93.706
88.610
91.441
99.082
93.421
99.367
94.838
86.346
80.966
78.417
77.285
83.797
81.532
74.454
72.474
74.454
73.888
73.040
74.739
76.152
74.739
74.172
95.970
89.743
110.974
105.313
92.855
87.194
81.532
76.719
72.190
68.793
67.376
70.773
80.115
93.421
80.966
74.454
69.640
69.640
67.376
61.715
58.318
56.335
54.921
53.504
51.806
50.392
49.826
51.806
50.392
54.070
54.921
65.962
69.074
69.359
91.441
71.908
73.606
77.569
65.962
61.148
61.148
64.264
62.281
58.318
55.487
54.921
56.619
61.715
53.789
50.107
50.673
46.995
45.297
44.164
41.897
46.144
42.748
39.632
37.652
35.954
34.537
35.954
43.880
47.277
48.975
43.314
41.897
41.049
37.086
51.806
58.602
54.636
117.202
148.626
123.714
121.165
92.573
78.417
71.057
60.582
53.789
56.619
59.450
63.131
68.227
60.867
65.111
64.830
74.454
69.359
72.756
63.697
55.487
50.958
51.524
51.806
46.995
43.598
41.897
40.765
39.917
74.739
119.751
98.235
86.346
101.631
86.346
75.586
68.508
66.810
60.582
58.602
65.396
61.999
56.619
61.715
53.223
49.826
47.277
45.578
43.032
41.897
51.806
45.297
44.164
45.863
53.504
45.297
41.331
40.483
40.199
41.331
43.032
41.615
37.934
36.520
35.103
33.689
33.123
33.971
35.388
36.236
34.256
33.405
31.991
31.425
31.425
31.706
30.293
29.442
30.293
31.140
31.706
30.293
28.876
28.594
28.310
28.253
28.167
27.800
27.857
27.943
27.800
27.658
28.594
27.149
26.754
26.754
26.074
26.469
27.630
26.754
26.441
25.988
25.789
25.789
25.451
27.433
30.008
27.544
26.384
26.074
25.931
25.479
25.479
25.365
26.273
29.726
39.632
116.920
118.618
84.929
55.769
47.277
43.032
40.483
38.785
37.934
84.645
153.437
162.498
155.136
130.226
90.875
74.172
67.094
61.999
59.168
54.070
49.826
48.693
47.843
46.144
43.880
44.730
44.446
41.897
40.483
40.765
40.765
41.049
43.032
41.049
38.500
37.934
40.765
61.715
56.335
48.409
45.578
43.314
66.810
91.441
72.474
61.999
56.335
52.372
50.392
47.843
46.429
45.012
43.598
53.504
57.752
49.260
45.578
44.730
42.463
41.331
42.463
42.181
78.417
108.425
74.454
62.281
56.904
54.070
52.090
49.826
48.409
46.429
43.598
42.748
43.032
42.463
41.897
39.632
39.917
38.218
37.652
36.802
37.086
37.652
38.500
39.632
50.673
47.277
46.995
47.561
45.578
43.314
41.897
46.429
71.057
87.478
202.697
184.862
155.702
100.499
83.797
76.719
71.908
68.227
65.396
102.198
169.858
147.210
107.293
101.350
117.202
102.482
91.157
84.363
80.115
75.871
73.040
70.491
79.834
90.024
82.946
77.569
77.851
75.020
70.491
75.586
74.739
69.925
67.094
65.962
65.678
63.979
61.999
60.016
59.168
58.318
56.904
56.335
56.619
55.203
53.504
55.769
66.244
73.322
61.148
58.602
60.301
57.185
55.487
56.904
71.623
219.965
216.002
163.912
107.011
92.007
84.078
79.268
75.586
71.908
67.376
63.413
59.168
56.904
56.619
56.335
60.582
90.875
272.622
237.800
148.626
103.614
87.194
80.400
84.929
72.756
67.942
62.565
58.884
68.793
83.797
70.207
60.301
55.487
53.223
52.090
51.524
49.541
48.975
53.789
71.623
71.342
59.450
55.203
54.636
116.069
170.990
150.325
105.313
87.760
113.520
158.817
202.131
170.424
143.813
137.019
149.193
134.470
121.449
109.842
99.082
90.309
83.512
77.851
73.606
70.207
67.942
69.074
69.074
63.979
60.582
59.450
58.602
58.884
60.301
55.203
52.090
50.392
48.975
46.995
44.164
43.032
42.748
41.331
39.632
38.785
37.934
36.802
37.368
38.785
38.218
36.520
37.086
41.049
39.632
44.446
47.561
39.632
38.218
35.388
32.839
31.425
30.859
30.293
29.160
28.054
30.293
28.876
30.008
32.557
39.066
40.483
33.405
34.822
33.971
47.277
64.545
47.843
62.565
82.664
56.335
45.863
41.615
45.012
65.396
130.226
137.585
106.445
70.207
68.227
107.577
137.867
117.768
76.437
63.697
58.318
65.962
88.326
67.094
89.743
84.929
81.248
65.962
60.016
77.569
67.376
58.318
54.070
50.673
48.127
45.863
44.730
46.995
50.673
46.144
44.446
46.429
46.144
43.314
41.897
46.144
58.884
78.417
58.318
48.975
45.297
43.314
101.916
174.387
149.474
92.573
76.719
104.181
99.082
79.268
69.925
63.979
59.735
56.053
53.504
51.806
50.107
48.975
47.277
46.711
45.863
44.730
44.164
43.032
41.897
42.748
45.297
44.446
44.730
71.342
57.752
86.627
153.156
168.441
185.994
155.136
107.859
87.478
79.549
74.172
70.207
77.003
125.978
106.445
86.061
78.983
73.606
70.207
65.962
63.413
66.244
135.887
236.386
224.494
262.147
288.758
252.523
204.395
157.969
118.900
105.028
96.818
90.875
86.346
83.512
80.115
77.851
75.586
73.040
78.135
88.892
79.834
74.454
70.207
68.793
75.305
197.602
205.812
178.635
175.519
153.722
131.640
116.069
108.710
98.801
90.590
86.912
110.124
111.540
97.950
91.723
88.892
85.214
81.814
82.380
147.210
139.565
110.974
121.449
138.999
118.334
120.317
164.478
144.945
121.165
108.425
103.896
97.669
92.007
88.044
84.929
114.655
153.722
124.846
121.731
147.776
123.148
106.727
98.516
93.139
88.326
85.214
82.946
79.549
75.871
73.606
70.207
71.057
69.359
67.376
64.545
62.847
64.545
99.651
102.482
84.078
76.719
90.875
97.102
84.078
77.285
74.454
73.606
85.780
82.946
74.739
71.342
73.606
80.966
75.586
71.623
69.640
69.925
120.883
116.920
93.421
84.363
79.549
75.020
71.908
69.074
67.094
73.040
77.569
73.888
70.773
79.268
117.202
110.974
95.119
96.818
113.805
193.354
322.729
285.927
251.106
322.729
278.849
233.271
180.049
138.999
155.136
153.156
123.714
110.408
126.260
176.370
154.003
127.392
143.247
245.444
222.796
189.391
142.681
122.581
114.937
117.486
108.425
100.784
96.252
92.855
90.590
84.645
79.834
78.702
77.851
87.194
83.231
76.719
74.454
72.756
73.888
73.322
71.623
110.974
174.672
146.077
105.028
101.631
107.577
97.384
87.760
84.929
81.248
79.268
74.454
71.057
69.359
73.888
67.660
69.640
65.111
63.413
60.867
58.602
58.318
58.602
55.769
53.504
51.806
53.504
55.203
57.470
53.504
52.656
48.409
46.429
44.446
43.880
42.748
41.331
43.314
43.598
52.372
55.203
49.260
45.863
43.880
43.598
46.711
45.297
39.351
36.520
36.802
36.520
35.103
35.669
35.388
35.388
34.256
35.103
38.785
36.520
34.822
33.123
29.442
27.914
27.943
27.405
26.640
25.846
27.206
28.594
27.573
30.293
26.697
27.291
30.859
28.594
25.365
24.489
26.697
25.055
23.101
23.015
26.355
30.859
35.669
36.236
30.293
27.829
25.138
23.411
23.951
22.902
34.256
36.802
35.669
28.594
27.601
29.726
26.298
23.837
22.168
22.873
23.724
27.121
32.273
32.557
23.667
21.345
22.563
20.213
28.310
21.769
20.978
23.781
21.684
20.978
21.826
21.175
21.007
18.657
19.562
18.230
17.778
18.372
22.563
28.876
24.941
20.808
22.196
23.638
20.779
18.458
15.627
14.919
14.776
15.032
15.203
16.902
16.674
15.004
14.042
15.004
15.937
15.371
14.665
13.505
13.872
15.712
16.617
14.776
12.796
12.373
12.939
13.505
12.145
11.579
11.493
11.240
11.579
11.778
11.550
11.380
11.693
11.860
11.946
11.946
12.003
12.683
12.569
12.626
12.202
11.889
11.835
11.889
11.889
12.003
12.031
12.316
12.569
11.946
16.335
25.337
20.751
15.203
13.673
13.277
17.044
23.638
21.516
16.731
14.805
14.324
14.042
13.843
13.730
13.701
15.175
16.421
16.108
17.098
20.808
17.664
16.165
15.343
13.929
13.644
13.929
15.769
89.458
117.768
60.867
37.652
31.425
28.224
25.960
28.876
83.231
82.380
50.107
39.917
35.388
33.405
33.689
31.425
28.594
29.726
40.483
42.463
36.520
33.689
31.425
30.574
33.971
33.689
30.008
28.876
27.857
26.497
25.988
28.253
37.368
41.897
37.368
33.405
31.706
33.123
49.541
54.355
43.314
41.331
57.470
56.619
46.429
42.463
97.384
104.747
71.623
56.619
46.711
55.203
101.350
81.532
69.640
58.602
48.127
45.297
44.446
43.314
46.429
49.260
89.743
150.891
132.490
83.512
68.227
60.016
54.355
51.240
48.693
48.975
46.429
43.598
43.598
48.409
84.645
125.694
96.536
76.437
65.962
59.735
54.921
51.806
48.975
46.995
46.144
46.144
169.007
239.783
199.018
147.494
95.404
83.512
77.851
113.239
155.986
125.978
99.082
88.326
80.682
76.152
74.172
81.814
82.380
71.908
67.660
65.962
63.131
60.301
58.036
56.053
55.203
53.789
52.938
52.656
49.541
51.806
61.433
60.867
152.023
421.814
345.377
276.303
216.002
140.132
104.462
92.289
85.495
80.115
92.007
92.855
80.966
75.020
73.040
83.797
79.834
119.751
144.097
115.788
169.574
147.494
117.486
98.516
88.892
82.380
77.569
73.322
69.640
66.810
65.111
66.528
72.190
67.094
61.433
59.735
57.185
56.619
68.227
63.413
56.619
54.070
54.070
52.372
50.392
48.127
46.711
45.578
44.730
49.541
51.524
46.995
44.164
42.748
41.049
39.917
40.199
38.785
37.652
37.086
37.086
39.066
37.934
35.954
34.822
33.971
33.405
31.991
30.859
33.405
38.218
43.314
46.429
60.301
68.793
48.409
44.730
48.693
48.409
52.656
55.487
51.524
46.995
41.049
38.785
35.954
33.971
34.822
36.520
39.351
36.236
35.388
81.532
97.950
118.334
83.512
56.904
48.127
43.598
41.897
40.765
48.693
45.863
39.917
38.218
37.368
41.331
43.598
48.409
47.277
50.958
47.843
47.843
56.335
50.673
45.012
45.863
49.541
56.619
65.962
62.847
50.673
70.207
120.598
83.512
61.433
51.806
46.995
49.541
52.938
51.524
76.152
58.036
49.541
46.144
43.598
40.765
39.917
40.483
39.066
40.199
61.715
107.011
520.897
503.913
458.616
345.377
228.742
158.535
104.747
86.912
79.268
73.606
76.437
69.925
65.678
60.867
58.884
72.190
80.966
74.454
68.227
61.148
60.016
60.582
55.487
66.810
56.053
52.656
48.693
47.561
45.863
44.730
44.164
47.277
56.335
52.090
46.995
44.446
42.748
41.897
47.277
77.003
84.078
62.281
52.938
47.843
45.297
43.314
42.181
50.958
61.999
50.392
45.297
43.598
42.181
45.863
57.752
54.636
49.541
107.577
186.560
189.110
163.346
106.445
82.380
73.888
69.640
65.678
62.281
79.834
75.305
65.111
60.867
58.036
55.769
54.355
53.504
52.938
58.318
59.168
53.223
51.240
49.541
49.260
50.392
48.693
46.995
50.673
60.582
54.636
49.826
48.127
47.277
46.429
45.578
45.297
44.730
43.314
63.979
85.214
62.847
54.921
51.524
50.107
61.715
80.682
88.326
78.983
69.640
63.979
60.016
64.830
162.214
148.626
107.293
86.346
77.003
73.040
91.723
85.214
75.020
70.773
67.376
64.264
62.281
60.582
58.602
56.335
54.921
56.619
71.342
65.962
59.450
56.335
54.355
53.223
52.090
50.958
52.090
59.735
55.769
52.090
50.958
49.541
51.524
129.941
107.577
77.851
69.359
65.962
71.623
71.342
288.758
699.250
472.772
353.869
254.787
179.767
151.739
131.640
113.520
103.048
95.970
89.743
86.346
82.946
86.346
92.007
85.214
80.115
76.437
74.739
74.172
75.020
71.623
68.227
65.962
65.962
61.999
63.979
64.830
62.565
60.301
59.168
60.867
173.255
249.407
228.742
203.829
148.060
114.089
98.516
92.007
87.194
82.098
78.702
77.285
92.007
125.412
115.788
99.651
97.102
92.573
96.252
96.252
212.321
240.065
195.053
149.759
118.052
106.727
99.651
94.838
91.157
88.044
84.929
82.098
79.549
84.645
81.814
77.285
74.739
72.190
70.207
72.756
72.474
69.074
67.094
65.962
63.979
63.413
61.715
60.867
58.884
59.168
58.602
57.470
56.053
55.769
54.636
56.619
61.148
56.904
53.223
52.090
51.806
52.656
51.524
51.806
53.789
52.656
54.070
61.999
55.203
50.392
48.693
47.561
46.711
46.144
46.144
63.697
57.470
49.541
48.127
46.144
43.880
43.314
43.314
72.190
65.396
51.524
46.711
49.826
52.656
46.711
43.598
41.897
45.012
45.012
41.049
38.500
37.934
36.520
35.388
34.822
37.934
44.164
52.938
53.504
41.615
68.227
138.152
176.652
143.531
90.590
83.231
79.549
66.244
62.847
71.057
65.678
92.855
86.346
67.942
59.168
55.203
53.504
54.355
51.806
69.925
57.185
69.640
61.715
59.450
70.207
91.157
92.573
64.545
58.602
70.491
78.702
71.057
86.346
110.974
71.908
59.168
52.372
48.409
44.446
42.463
44.164
42.463
41.897
38.500
39.351
37.652
37.652
37.086
34.822
33.689
34.256
46.429
37.652
33.123
30.859
32.273
36.520
39.066
77.569
54.070
42.181
45.863
39.917
37.652
44.164
48.409
50.107
44.446
53.789
54.070
46.429
50.392
52.938
42.748
38.218
35.388
34.822
33.971
30.859
29.442
64.264
49.260
40.765
37.934
35.103
41.049
73.040
336.885
413.322
311.406
230.440
130.792
78.983
70.207
61.999
56.904
53.223
52.090
50.958
46.995
44.446
48.693
52.656
67.942
59.168
54.921
49.260
49.826
55.203
52.656
46.711
44.446
43.598
42.463
43.314
44.164
42.748
41.897
40.765
39.066
37.086
36.236
36.520
36.520
35.669
155.702
467.108
368.026
297.250
241.481
163.631
93.139
81.248
74.454
69.925
83.512
107.293
85.495
73.606
67.942
64.830
62.281
60.582
58.318
55.203
54.921
54.070
52.938
50.958
56.619
54.355
49.826
48.975
52.656
58.318
73.040
63.979
56.904
54.355
78.983
112.673
87.478
72.474
105.313
166.177
154.288
129.375
91.157
80.400
74.454
70.491
67.942
65.111
62.847
60.301
58.884
57.752
56.335
55.487
54.355
53.223
59.735
55.769
52.938
51.240
49.826
48.975
48.693
48.409
52.372
54.355
62.847
62.565
54.921
52.090
50.392
50.107
48.693
48.409
47.277
46.429
64.264
78.983
65.396
58.318
54.921
52.090
48.975
48.975
47.561
46.995
45.012
44.730
44.730
46.429
52.938
64.545
58.318
51.806
50.673
54.355
53.504
55.203
49.260
47.843
47.561
47.277
46.711
50.673
56.904
60.301
98.801
356.703
300.084
260.167
187.127
110.974
112.673
123.429
127.110
467.108
382.179
328.393
246.295
182.313
130.507
190.242
234.969
192.506
161.366
138.718
122.581
120.883
127.110
117.768
109.842
103.330
97.384
93.987
91.157
88.892
85.495
83.231
81.532
103.048
117.486
101.631
93.139
88.892
84.078
81.532
79.834
78.702
75.586
73.322
72.474
70.773
67.942
67.660
84.645
114.371
115.503
93.706
84.363
80.115
77.851
75.305
73.040
74.454
81.248
77.569
72.756
96.252
105.028
89.458
82.380
77.569
73.322
72.474
75.020
72.756
92.573
112.106
94.272
87.478
93.987
91.157
83.231
78.702
75.586
73.040
71.342
69.074
70.773
67.942
64.830
63.413
62.281
62.281
60.582
60.301
58.318
56.335
56.053
62.565
75.586
70.207
63.131
60.301
58.036
67.660
74.172
64.545
61.433
77.569
79.549
69.640
65.111
61.148
58.884
63.697
69.925
63.697
59.735
59.735
57.470
55.769
53.223
51.806
53.789
55.769
53.504
50.392
48.127
46.429
45.012
44.164
42.181
40.483
46.995
55.769
65.962
63.697
53.789
47.277
44.730
42.463
41.049
40.483
49.541
45.578
41.049
40.199
50.673
71.623
103.614
83.797
67.660
63.413
55.487
54.636
53.789
49.541
57.185
53.223
56.619
58.318
49.826
45.012
44.164
44.730
41.049
38.218
36.802
35.954
34.537
33.689
32.839
31.706
30.859
29.726
29.160
30.008
34.822
37.652
31.425
28.876
28.054
28.594
37.934
58.884
64.264
45.297
40.765
38.785
32.557
31.140
34.537
36.236
36.802
35.669
45.297
41.615
37.934
39.351
36.802
38.500
46.995
41.615
35.103
34.256
34.537
46.144
48.127
45.863
40.199
35.669
33.405
63.131
91.157
65.962
54.070
47.561
45.863
48.975
43.032
44.730
41.049
39.917
38.218
35.954
50.107
58.602
59.450
57.470
59.168
50.392
50.958
43.880
39.917
43.598
116.920
202.981
131.073
82.098
72.190
60.301
54.921
59.168
50.392
45.863
42.463
40.483
42.463
55.769
53.223
43.032
39.632
38.500
40.483
40.199
36.802
35.388
35.388
35.103
71.057
142.965
113.805
82.380
70.491
67.094
59.735
54.070
50.673
48.975
49.260
48.975
44.730
43.314
42.181
41.049
40.199
39.351
38.785
38.218
37.368
36.802
35.954
35.669
35.669
35.669
36.236
35.669
35.103
34.537
37.368
36.236
35.388
33.689
33.689
37.652
39.351
35.954
33.971
33.971
34.822
121.731
142.681
99.651
67.094
57.752
52.656
49.541
47.843
45.578
43.880
44.730
46.429
44.446
43.880
46.711
45.578
42.748
42.181
56.904
61.433
51.240
47.843
49.541
196.751
255.069
233.556
218.833
137.585
90.590
83.231
77.285
71.057
66.244
63.697
68.227
90.309
79.268
69.640
65.111
67.660
69.640
65.396
60.867
57.470
56.335
56.053
56.335
58.602
56.335
55.203
54.636
60.867
63.413
59.735
57.185
55.487
54.070
53.223
62.565
65.111
59.450
56.053
78.417
95.970
81.814
70.773
64.264
60.582
58.884
91.157
85.780
69.359
65.111
62.281
60.016
58.884
60.582
74.739
137.301
125.978
93.987
103.330
104.462
89.458
82.664
77.003
72.474
68.508
80.682
105.594
97.102
84.363
88.610
88.326
80.682
77.003
72.474
71.057
74.739
112.954
111.256
91.157
83.797
79.268
76.437
80.682
119.751
107.859
89.743
83.231
78.983
78.983
164.478
209.490
184.296
179.482
153.156
129.093
124.280
109.276
99.082
92.573
89.176
85.495
81.532
84.363
247.709
241.481
215.436
180.333
125.978
188.543
185.994
142.115
121.731
108.991
100.218
95.119
102.198
99.367
92.573
107.011
99.367
92.289
87.194
82.946
80.115
77.851
75.871
94.838
129.093
102.482
88.326
83.231
79.268
93.421
127.110
117.202
95.970
88.326
83.797
80.400
77.285
75.871
74.172
76.437
128.243
112.673
93.987
85.780
84.078
118.900
152.305
129.375
107.293
94.553
132.772
138.999
112.673
99.082
91.441
86.346
83.231
79.834
75.586
73.040
70.773
68.227
66.244
63.697
61.433
60.582
59.450
59.735
58.036
55.203
53.789
52.938
52.656
55.769
54.636
56.335
57.185
58.884
64.264
107.293
140.698
118.900
94.272
82.946
74.739
69.925
66.528
64.545
62.565
59.450
58.602
75.871
95.970
127.110
89.458
75.020
68.793
63.131
60.301
63.131
66.528
62.565
59.168
56.619
63.413
92.289
64.830
60.867
57.470
55.487
54.355
51.240
48.409
48.127
46.429
44.730
43.314
42.463
61.433
103.048
61.433
50.673
46.429
44.730
44.164
46.711
43.598
41.331
39.632
41.897
39.066
39.351
72.756
68.793
49.260
44.446
42.748
43.880
48.409
51.806
48.127
42.463
39.066
37.652
36.520
35.669
34.537
35.103
35.388
34.256
35.103
34.537
33.123
31.991
31.425
31.991
30.859
29.442
28.594
28.167
28.111
26.810
25.678
25.422
24.970
25.084
24.941
24.600
26.216
24.517
24.856
34.537
32.273
30.008
26.469
25.138
23.468
23.072
22.168
21.911
30.859
41.049
35.954
30.859
27.800
25.027
25.084
23.496
22.873
22.902
22.335
21.516
21.175
21.203
77.569
93.987
63.413
43.314
38.500
56.904
46.711
36.236
32.273
30.293
29.442
28.310
27.516
26.810
26.187
26.355
25.732
25.564
25.451
25.308
25.195
25.112
25.027
24.628
24.970
28.876
35.669
30.008
26.583
25.789
26.102
34.537
96.252
154.570
116.069
64.830
51.240
44.730
44.730
52.090
52.372
44.446
41.331
39.066
39.066
38.218
36.520
35.669
35.103
34.537
36.236
41.331
41.897
37.934
35.954
34.537
34.256
33.689
33.405
36.520
37.652
35.103
33.123
32.557
32.273
31.706
31.425
32.557
35.669
35.388
33.405
37.934
42.181
37.368
34.537
33.405
33.971
37.934
43.880
41.049
37.934
36.520
35.103
33.971
33.405
32.839
32.273
31.706
31.706
37.086
45.863
46.144
78.135
68.227
69.359
71.057
58.602
52.656
48.693
44.164
42.463
41.897
41.331
40.765
43.880
174.105
639.800
619.982
438.799
240.915
146.362
100.784
88.610
111.540
173.821
178.350
144.664
118.618
104.747
93.421
90.309
158.535
167.875
146.928
111.256
104.181
139.565
133.622
118.334
108.425
99.367
92.855
195.619
424.645
365.195
300.084
240.915
173.821
129.660
115.788
113.239
118.900
108.710
100.218
94.272
140.132
294.419
319.898
278.849
233.271
177.784
137.585
142.115
150.891
133.056
120.032
118.052
125.128
118.618
110.124
104.747
100.499
96.818
94.553
92.573
137.867
217.985
230.440
217.985
184.296
138.433
120.317
111.822
105.594
101.631
102.482
140.698
160.800
177.502
150.607
127.392
114.089
105.879
99.651
95.119
92.573
89.176
86.061
83.231
83.231
84.929
82.664
93.987
95.970
88.326
82.098
78.135
86.912
102.482
92.289
82.664
77.569
74.454
73.606
72.190
191.374
167.593
205.812
256.770
226.193
188.825
174.387
163.912
141.830
124.561
112.673
107.011
100.784
98.516
122.581
136.169
132.206
123.429
114.655
104.181
100.218
103.048
96.536
92.855
105.028
93.987
86.912
82.946
79.268
76.719
74.454
71.057
68.508
66.244
64.830
63.413
61.999
60.867
59.450
57.752
56.335
57.752
56.904
60.582
58.036
58.036
56.904
61.148
54.921
78.983
78.417
62.565
54.921
52.938
59.168
68.793
58.884
52.656
49.826
49.541
49.541
46.995
45.012
43.598
46.144
45.297
46.995
50.392
48.127
43.598
43.314
41.897
41.615
39.632
41.615
38.785
36.802
35.954
36.802
40.199
37.368
35.103
34.537
35.388
35.388
34.822
33.971
35.103
39.066
33.123
30.293
29.160
28.310
29.726
29.160
28.139
36.520
33.123
34.537
33.123
29.726
32.557
29.726
26.978
25.564
25.027
24.998
23.781
22.535
21.431
20.498
20.014
18.771
18.316
20.441
22.648
22.139
20.355
18.515
27.433
33.689
37.934
31.425
24.517
22.168
23.243
21.232
19.875
18.372
17.582
16.617
15.428
14.580
14.099
13.730
13.786
14.833
14.324
13.701
14.748
14.324
14.071
13.476
13.929
14.099
13.730
12.825
12.287
11.946
11.778
11.664
11.408
11.294
11.493
11.240
11.437
12.031
17.949
32.557
23.072
15.909
14.324
13.929
13.587
14.042
16.335
16.079
17.610
16.589
14.014
14.071
15.513
38.785
31.991
89.458
73.888
37.652
28.082
24.005
22.196
20.950
19.704
18.515
18.119
17.835
17.778
17.664
16.958
16.449
16.279
17.126
17.269
16.845
16.503
16.449
16.392
16.279
16.222
16.392
16.702
19.052
20.836
20.270
18.543
18.091
17.892
17.949
19.166
35.388
57.752
34.822
28.594
30.859
31.991
37.368
38.500
31.706
28.310
26.102
24.884
24.005
23.695
23.214
23.581
22.845
22.224
21.684
21.431
21.402
20.808
20.580
20.384
19.957
20.042
19.957
20.014
27.744
28.139
23.837
22.196
35.103
51.806
38.500
30.008
27.320
25.564
24.685
25.650
27.405
26.554
26.554
41.049
62.281
50.958
41.049
35.954
34.256
32.839
30.293
28.876
30.574
96.536
104.462
62.565
48.409
44.446
43.598
48.127
48.127
42.748
39.066
36.802
35.954
56.619
60.016
48.127
60.301
68.793
54.636
48.127
44.730
76.437
150.607
130.792
88.326
67.942
59.168
53.789
54.921
55.487
75.586
144.945
131.358
93.139
75.305
65.962
60.582
56.335
53.223
60.582
57.470
52.090
48.975
45.863
43.314
42.748
43.598
77.569
91.157
100.218
79.268
66.244
59.450
55.487
52.372
50.107
48.127
52.656
54.921
49.541
50.673
54.636
49.260
46.995
45.297
43.880
43.598
46.429
46.144
43.314
42.748
49.541
75.020
65.962
56.619
52.090
48.693
46.144
46.995
50.392
45.863
43.314
42.463
43.032
48.975
47.843
46.144
44.164
43.032
106.161
148.060
132.206
85.780
69.925
62.847
58.884
55.487
54.070
50.958
47.843
45.012
42.748
41.331
43.314
48.693
44.164
40.199
39.066
38.218
38.218
36.520
34.537
34.537
33.689
33.123
34.822
38.218
37.368
46.144
55.203
43.880
38.500
35.669
34.822
46.144
62.565
75.871
63.979
52.372
46.144
41.897
40.765
51.240
43.598
38.500
35.954
35.103
39.351
35.103
32.839
31.140
30.293
28.594
27.263
26.384
26.583
26.216
24.600
23.752
23.357
22.677
22.791
27.772
32.273
25.678
23.186
22.196
21.459
21.007
20.552
20.865
22.563
20.580
19.590
19.337
28.594
50.107
37.368
25.536
21.826
20.722
20.099
19.562
20.637
47.561
74.172
52.372
39.917
48.975
43.598
33.123
32.273
44.164
38.218
31.991
34.822
37.086
41.049
36.236
37.368
41.897
58.036
58.036
50.107
41.615
37.368
33.123
31.706
39.066
30.293
28.876
28.876
26.950
25.650
29.442
35.103
28.310
25.988
24.432
21.601
20.327
19.362
18.967
18.543
17.155
16.250
16.250
15.966
15.428
16.930
15.542
14.609
13.929
13.163
14.748
14.466
13.078
12.455
12.202
11.721
11.493
12.173
12.401
11.778
26.950
40.765
31.991
21.741
16.759
14.833
14.239
13.533
12.739
12.401
12.060
11.721
11.408
11.579
11.806
11.550
11.550
11.294
10.785
10.475
10.333
10.276
10.333
10.190
9.567
9.172
9.229
9.567
10.051
10.728
11.749
11.294
10.304
10.333
10.646
26.159
38.785
28.594
17.183
13.986
12.512
16.930
37.652
26.497
17.582
14.776
14.128
18.176
60.867
59.450
35.388
29.442
26.017
22.449
20.665
18.882
17.212
19.138
35.388
32.839
25.507
22.082
20.498
19.109
18.176
17.553
17.155
16.702
16.617
17.382
60.867
78.135
46.711
35.103
30.574
28.111
26.244
24.148
23.357
24.034
23.300
21.573
21.089
20.071
19.223
18.259
18.259
17.382
17.496
19.875
23.951
24.404
22.506
34.822
142.115
137.019
105.594
60.582
48.975
43.032
39.632
37.086
33.971
32.557
32.839
35.388
31.991
29.726
30.574
36.236
33.689
32.839
84.363
93.987
62.847
50.673
45.012
41.615
40.199
41.331
42.181
40.483
37.652
35.954
33.689
33.123
31.991
30.859
30.293
29.442
29.442
28.876
28.876
28.876
33.405
31.991
28.876
28.025
30.574
77.003
98.516
62.565
50.958
45.012
41.049
38.785
37.652
39.917
40.765
40.483
38.500
34.822
36.236
37.086
35.669
33.405
32.839
31.991
32.557
33.405
37.086
34.537
33.123
31.991
32.839
32.557
30.859
30.574
30.859
31.140
31.706
31.706
51.806
73.040
112.388
111.540
75.305
61.148
54.355
52.372
48.693
44.730
42.463
40.199
39.066
37.652
36.802
37.652
41.615
39.351
35.669
35.103
33.971
33.405
33.123
31.706
30.859
30.574
30.293
29.726
53.789
69.925
56.335
45.012
41.049
41.897
66.810
63.697
52.090
189.957
218.833
170.424
97.102
77.003
67.942
61.999
58.318
56.619
51.806
48.693
47.277
45.863
46.144
96.536
185.147
147.776
101.065
82.098
73.040
67.660
61.715
57.752
55.203
57.185
61.715
73.040
87.760
78.417
69.074
63.131
58.602
55.769
52.938
50.392
49.541
56.904
57.752
51.524
62.847
67.376
57.185
52.090
49.541
47.561
60.301
73.606
58.318
52.372
48.693
46.144
44.164
41.897
39.917
38.500
37.652
35.103
34.256
33.689
33.689
32.839
32.557
36.802
38.218
38.500
41.615
53.789
45.012
37.652
34.537
33.405
31.991
30.293
29.160
27.829
29.726
33.971
34.256
31.425
28.876
26.497
25.166
24.233
23.385
22.535
22.025
22.591
23.328
22.677
25.027
30.293
29.442
26.327
33.689
30.574
27.601
24.290
25.084
24.404
27.544
32.557
39.917
36.236
29.160
24.517
22.873
22.958
20.950
19.846
18.882
16.646
15.769
15.175
14.296
14.239
16.279
24.148
25.931
20.099
15.399
13.505
13.334
13.900
12.825
12.287
14.694
29.160
41.615
39.632
31.425
25.707
24.546
27.149
40.483
40.199
50.392
64.830
61.148
49.260
39.066
33.123
42.181
35.954
31.706
26.045
22.705
20.384
18.543
16.873
15.203
14.580
14.210
15.656
15.684
22.563
24.290
20.384
17.411
15.909
14.976
13.758
13.957
13.533
12.910
13.135
16.731
19.985
31.706
33.123
28.594
21.826
20.014
19.562
19.419
17.721
14.609
14.099
13.448
13.363
18.429
13.644
12.202
12.003
12.427
12.910
15.826
40.199
38.785
33.123
31.425
24.600
22.082
19.109
16.902
15.570
14.580
14.239
13.758
13.192
12.825
12.401
11.974
11.889
11.749
11.465
11.408
11.550
11.579
11.380
11.041
10.813
10.785
10.870
10.785
10.589
10.617
10.785
10.785
10.956
10.984
11.212
11.778
11.806
11.550
11.408
11.351
11.155
10.984
11.098
11.212
11.693
12.145
11.889
11.835
23.271
75.020
69.074
34.822
23.525
20.865
19.223
18.316
18.005
18.230
18.202
18.062
17.664
17.015
16.335
16.165
21.035
64.264
60.301
42.181
32.839
27.687
24.318
22.506
21.488
21.288
20.552
20.014
19.533
19.081
18.882
18.429
18.287
18.119
17.920
19.166
27.715
30.859
82.098
89.458
56.335
45.863
37.934
33.405
28.594
26.526
24.771
24.062
23.357
22.648
22.335
22.025
21.712
21.402
21.089
20.779
20.469
20.156
19.846
19.533
20.156
21.232
19.647
18.796
20.242
21.940
21.232
20.156
19.957
19.704
20.836
52.656
116.354
76.437
53.223
45.297
39.351
35.669
31.706
29.726
28.224
27.433
31.991
40.765
33.123
29.160
27.291
25.931
24.913
24.404
23.328
22.677
22.421
23.894
23.837
23.724
24.318
30.008
30.859
31.140
50.392
47.843
38.785
33.689
32.273
33.405
39.351
36.802
51.806
92.855
68.508
54.355
47.843
44.446
42.463
45.297
46.995
42.463
37.934
35.669
34.537
32.273
30.859
30.574
41.049
45.863
52.938
69.359
57.470
49.260
45.012
46.429
73.888
95.404
95.686
80.682
72.474
65.678
58.602
53.504
63.413
153.156
129.660
93.421
77.851
69.640
67.942
62.565
58.318
55.487
52.372
49.826
47.561
45.863
44.446
47.561
46.995
45.578
45.012
41.897
38.218
36.236
33.971
32.273
31.140
30.008
28.876
29.160
30.293
28.000
26.074
24.771
24.233
26.893
24.261
23.525
22.025
21.402
21.146
21.826
20.893
20.580
20.469
20.185
20.523
20.298
19.590
17.920
17.212
16.987
18.372
23.411
29.160
25.166
23.837
35.669
28.253
31.706
46.711
36.520
24.657
24.461
23.357
20.469
22.082
36.802
31.706
22.620
20.580
19.337
21.769
22.987
23.837
21.035
19.789
18.316
17.183
16.731
18.287
22.168
17.468
15.741
14.014
13.277
15.855
27.487
30.574
28.139
22.278
24.261
26.412
24.628
22.535
23.328
26.611
27.943
33.123
56.053
52.656
34.537
27.149
24.998
24.884
24.119
23.072
21.658
26.526
23.610
19.846
18.119
17.749
17.325
18.910
27.348
34.537
26.244
22.139
20.836
23.724
57.470
44.730
33.689
40.765
47.277
39.066
35.669
37.086
34.537
52.090
40.765
40.765
39.632
37.934
34.256
31.425
30.293
28.594
27.516
30.574
33.971
27.573
24.657
26.355
24.119
22.335
20.441
18.230
17.468
23.214
22.278
19.166
20.099
24.347
30.293
23.271
22.845
21.232
22.648
26.754
39.066
36.802
31.140
26.045
22.648
20.384
26.045
22.648
22.930
19.818
18.685
20.384
19.818
17.553
16.421
16.136
17.269
32.557
27.177
20.950
42.463
67.942
47.843
35.669
31.425
28.594
26.583
25.195
24.176
22.734
22.307
21.826
21.146
21.573
21.260
20.071
19.251
19.391
20.384
22.111
30.574
61.999
45.297
32.273
27.857
26.045
24.771
24.318
23.667
22.958
22.819
22.478
21.741
21.345
20.836
20.779
20.751
20.893
21.883
21.402
19.675
19.109
18.543
18.372
18.939
19.166
19.166
18.202
17.977
17.863
18.429
19.081
18.372
17.892
17.269
17.098
17.098
17.069
16.987
16.873
17.496
28.310
46.711
43.880
35.669
29.726
28.281
28.876
30.293
29.442
25.988
24.375
22.987
22.648
22.620
22.278
22.054
24.461
43.880
43.598
36.236
36.520
35.954
33.689
33.123
50.107
51.240
41.897
36.802
33.689
32.557
33.971
38.218
33.689
31.991
30.574
29.160
28.253
27.291
26.130
25.112
24.771
24.404
24.404
30.008
43.598
36.802
31.991
30.574
28.876
28.139
27.092
26.384
25.650
24.685
24.261
24.347
33.689
63.697
60.867
53.789
65.111
92.289
97.384
84.363
65.678
56.053
50.107
46.144
43.314
41.615
40.199
37.934
36.236
33.971
33.405
46.995
64.830
52.090
46.144
44.164
41.049
39.066
37.652
36.520
35.388
34.537
33.123
31.991
31.425
33.405
33.123
31.140
30.008
29.442
28.876
28.167
27.573
26.921
30.008
69.640
61.999
44.730
39.917
37.368
35.388
34.537
34.256
33.689
33.123
49.826
67.376
52.656
47.277
56.619
69.359
60.016
53.789
59.168
62.281
53.504
48.693
45.863
45.863
54.070
48.409
43.880
52.372
61.999
63.413
57.185
51.240
47.843
44.730
42.748
40.765
39.632
40.765
57.470
57.470
48.693
48.409
49.260
48.409
46.429
43.880
47.561
45.863
43.880
41.897
39.632
37.652
35.954
42.181
40.765
36.520
35.388
34.537
32.557
46.429
50.392
43.032
59.450
87.194
64.545
49.541
43.032
38.500
36.520
38.500
34.537
34.537
41.615
38.218
31.140
28.594
35.388
35.388
28.594
26.697
25.874
24.375
23.101
22.196
21.203
24.204
41.897
29.442
23.468
21.684
21.883
24.489
20.498
20.071
38.500
43.032
44.446
30.293
24.404
21.516
19.818
18.742
18.372
18.429
18.429
17.525
16.646
16.079
15.485
14.748
14.438
13.815
13.616
14.182
15.314
17.126
47.561
54.355
27.687
22.987
19.957
19.391
19.957
18.742
18.259
16.335
14.890
13.815
12.939
12.654
17.325
17.582
22.196
25.818
31.425
28.594
21.658
18.714
17.015
15.855
15.061
15.146
14.071
13.701
16.222
21.146
16.788
22.335
18.742
15.260
12.939
12.145
11.693
12.202
11.351
11.098
10.532
9.710
9.257
8.947
8.691
8.577
8.663
8.353
7.954
7.983
11.212
17.325
16.560
15.542
17.126
13.900
11.351
9.909
10.190
10.728
11.579
22.335
22.620
17.069
12.939
11.693
11.240
11.098
10.617
10.162
9.738
8.805
7.926
7.701
7.274
6.907
6.512
6.313
6.085
7.983
22.563
35.954
27.459
17.297
14.128
12.768
18.600
37.934
49.826
31.706
23.271
51.240
133.338
150.325
128.527
68.508
